# Created by Octave 5.2.0, Fri Dec 17 17:26:23 2021 EET <alexandru@alexandru>
# name: A
# type: matrix
# rows: 49
# columns: 49
 8.088690525701816 6.716361215692479 6.0884242290029809 8.2669566348190173 0.50994165142294534 3.7283450639168185 3.7149225491195152 5.5965297773086888 7.1851756636164854 7.0729006951120033 0.45513509635813953 0.54803745113191682 4.636479127243101 9.8064567438651924 0.88054925249382232 7.6234546536050463 5.3107484990705149 6.1531501392504673 8.6436316564144722 9.580376757082389 0.20618494417534317 9.7794344133373414 9.9360786093453299 9.2364172450526123 6.9409404903909433 5.5064133583558741 9.6651871580752093 5.6509269106164215 8.8815216303696971 2.6912639184035885 3.0447485811091872 8.2424779521358502 9.6599834767264667 8.3496838877497179 1.253783702181825 8.5305770102249134 5.8602481853785164 3.4486409046167537 6.8211197425692784 3.9931905274949671 4.5855044252779527 5.1155605138107223 6.3318538130668784 7.1590308520290371 7.4570071713367438 6.1209564893713866 1.6756576642618155 6.3060018068524961 7.6385710650226581
 2.236732709316001 7.7066291765222488 6.5877740529664273 8.2834021375085616 8.1039753837300736 3.1094727730453902 7.2868551743117731 0.1595405758723849 6.337747019758976 1.1955443157088268 2.3828846409753472 3.8183852623583974 2.4941129823343826 2.979667145349822 7.2380420933823348 3.0329562365330491 8.2844226129475409 4.4541406704388011 7.07460230845399 1.621844730763589 0.33949939678272134 2.42229348973884 7.4411621718573908 0.65946571470754822 4.9211072562631957 2.2646800011098884 1.9579250074477201 1.4682408109917016 0.76104715496941244 7.519935486060775 0.65392911889362515 7.4857168423924012 3.0146151290638361 3.8986624553109168 9.2986437724894149 2.0828726052525588 5.230990521527926 0.42168364708572703 1.2351350851628466 6.1194521893219758 4.4072468667275686 0.17417563559030058 9.7054392768337951 8.3261149341742087 2.9588268023131352 5.5350565466164525 7.5015174075461131 5.9075056109094968 9.3133772257892193
 5.8778008535974315 5.0112951904423735 9.2980078970631155 1.436476471443215 4.5064727335998116 6.4860395487206466 3.4875115301805364 8.5908794745406958 8.864692046310914 2.0874685157963953 0.95437364115667656 1.7687292107356138 7.2986811846902286 6.2701151263771573 5.8742871850379972 1.5435939101780121 2.1273173456723109 5.4277697037979049 7.8910762423322378 4.06477846430949 5.0063575840467545 0.38221318306658469 7.2242505544671705 4.2560519478272054 8.230425058774081 6.4961393188910463 1.2574907128902231 8.7732673393619276 4.6161751327143605 9.5688384277300802 8.5029289705662947 6.6953566459425318 2.0771015522259058 0.076154222987247389 2.0542222246413071 1.8966077297464885 0.0088978337725891254 4.2633559502955611 3.8807805997551044 0.93205602146328603 0.29192570647360294 5.0005684323874569 6.04848117643182 3.0361376009812573 0.073360499833878157 8.6026901456713265 2.3822422338363975 1.2640949635674477 2.1389528250373742
 3.5967991307677822 0.36585728033363729 7.145224069319899 9.2864217401152658 8.811106390258578 4.6489408984257166 6.1364201381455672 8.4972790134354312 5.2521688920465524 1.3477911489329735 9.6938470895169573 1.0466464845113681 2.6372274861778915 0.73926434642603001 0.19964511828477405 3.7467161455639859 6.8510920553023933 9.7432495457548249 7.8759829390324185 5.280221727044764 4.3323019962071401 4.431710229558103 5.8058975405226967 4.1078439967670572 7.6128491380768439 7.788131622835003 6.9441746509170663 1.6830212306373444 1.7312421695262574 7.0463234532802801 4.1068323955095813 1.5016346294867682 8.0198775963451538 7.1407923150321242 6.704223587255127 2.1948717602664907 7.5235967786561053 4.4902610067931263 1.8802365804945804 4.1066924403941538 3.8041764540784535 9.9133963587509797 5.9971731344433259 6.8142698336341843 9.872268307631078 6.7700652584417984 9.6627316388799684 2.1066970560528837 9.5171793453091897
 5.7586774157497036 0.45031873466195682 7.5350722590568129 0.6142662360438893 5.7190500562692339 6.6777043170560777 8.2602912181316253 1.127715203923713 3.1916119371330836 1.9185615535543183 1.1002309052280861 2.2104916954322613 9.385812195578275 6.8818480511937175 9.8737828011209459 3.2557924669833 0.84459384712121599 7.7132845250124893 9.1348392466758899 7.5647826707254451 8.8235594135291091 1.956830769662103 6.6049007545265432 3.0175958925557582 4.4063697405955722 9.1849086309228571 6.4532729934059443 5.776443468363718 1.3257366178212919 0.72563549584336795 8.0923770343283294 1.4027214754577182 0.16292603706366138 4.6132599781981938 1.3711366164209231 6.4791568267967925 9.8008992873769252 5.6396240384204894 3.3832575892118903 9.3856792860584548 4.5915322582502291 0.95527747203085145 7.8988505536712843 3.2681417474352732 6.8454599425024547 5.6288838303532085 6.0289680518403657 3.7211693486940516 9.4791872071779828
 7.9849476067871521 3.8684104882839891 3.1148413271486546 9.0790186993499287 6.7350693475618826 5.6839855653389151 3.824828848350323 3.0099058321647991 2.9491762619171942 7.9067480231021028 5.7559389647252743 7.1470266386936636 5.6987148919728821 1.5106841997484017 2.6298919300618158 4.4855038839512993 6.3582892027397691 7.9444211657784622 6.8847422118161541 4.9540840867491358 2.6578541382278149 9.3366046754078731 5.8945052930501562 0.37670349150092974 8.2432701390155287 2.4140618067769499 7.1534523215378556 7.9054566378822013 4.314442031686708 2.1451060053130382 3.3212249735619221 1.2319369097629 2.2042401139224848 8.1398487347615394 8.606386165684647 8.7455821356824401 3.3137814195311495 2.7628975649579894 4.1053790437984885 5.5355862222916921 0.62966742460134606 6.8780417954892314 1.743633903683202 3.7559656399567714 8.9477817638330102 5.0588831550813644 4.4053968980978393 2.4922136357833318 0.79500254459105513
 7.4913616767650151 4.5522330556471564 1.4561537463609016 2.571967892012152 6.90996423111452 4.1963299074297495 5.0369746940564131 4.7742547911138447 6.1086817813790448 6.6358545001197999 5.6620809064734932 3.8475756152643874 8.7396931844021317 1.8937780078619086 7.3449953298380768 3.070035538472859 8.3943651947301756 5.5375300064090469 3.6533740079803763 7.0933046941252371 1.2605854161521095 6.5505991844933575 6.4087719518485287 6.1398566702815529 1.4364694810781993 3.4107823074588657 8.3222437231397688 7.0385727175901316 0.68538323304473336 9.8226138603315842 1.2630066488258302 9.0413376595827231 4.281849248285579 3.2330110635533167 4.2953028368147868 2.7724027100499975 8.1598120813309301 0.18368039378240097 2.8251204661556621 6.5418118085646784 9.742843972555379 8.207596404743521 3.7464213720237334 7.4962843488835373 6.9007750134609562 7.7656683267588438 3.0781531090878662 8.5174916052805543 7.8916888550068709
 8.5480969106900631 1.4571701557642509 9.3903984041983346 9.8576814826873829 4.7013961167070137 8.2728647786033083 2.6491344566995028 9.7222961190942563 6.9954662492773529 4.4168044126563419 1.4332090368591017 0.75621083770871889 1.4871500845925083 9.3149868558843689 0.70137169682039802 5.0862518587462109 4.6835586773771212 3.548040622422624 4.2420790828495738 9.3393021458752852 3.9091167899490848 6.3902037030743148 7.8423506517537032 2.4924617014681401 1.5507824626863482 3.4294469134394685 0.97241696037916592 8.7196608175326311 5.2796681744825396 1.4047772127148277 7.8131155170991544 5.8409888553707665 3.7691878634964286 9.8671798464498224 4.1306057634926328 1.5673748707011064 2.7711744656107036 1.4269557959204855 7.7514662820645714 5.7369261663664126 8.9691055495245493 1.0219875355325907 6.7956826496530454 4.3988354578551805 0.024120775806524719 2.6817956895050825 1.8650198609551834 4.44163697508605 2.114756457373093
