# Created by Octave 5.2.0, Fri Dec 17 17:26:23 2021 EET <alexandru@alexandru>
# name: A
# type: matrix
# rows: 21
# columns: 21
 2.0264605970680356 1.0392819701719496 9.708922720461052 7.0584800571132966 4.1577050351470239 4.2329297437896916 9.3191882110023023 8.0686901480263309 7.8733064126817549 9.2610315077293528 9.0725940099842077 0.15874890301083178 1.560807067928343 8.6800031438753376 9.2246163287354559 3.3730760486201032 9.7649816130749922 3.6866515651584968 7.4236563593526883 7.866952196122579 3.3222135955642611
 0.87553411460598185 1.542178252572703 9.597430220663016 7.2411424256500521 0.57358697961337901 8.3702520151846009 2.8466750722342922 6.1299888647363456 1.6528777137208044 2.0358053651356904 6.1503361462828039 5.9760592258449341 3.4665513409798403 1.4695338507209814 8.4439301167905079 1.1095362653896794 7.1806786974332386 3.8252593985484702 2.8778015826530261 1.7780605334960193 7.9735229478329961
 7.3140068678473025 6.0329193410825512 0.2185954166568076 2.6670647366270046 7.435230841467817 9.4821855917689639 8.7936141326010038 4.7704454446474038 0.52130788215064494 2.4390789990680957 4.4680337399253647 5.9619265962791754 3.478531623620698 0.96691226540768271 3.9552616385817378 9.2325960113688836 0.25045525799588675 4.8832790498690288 1.1600558384179664 8.1885676448351159 9.8896405197017092
 4.3461628684374185 2.5490137892709792 1.6140438201670952 1.698728129094536 8.7987506697003948 0.60861092323293775 6.0608299200703586 3.3064494205567745 0.72007868377205786 3.3121470283650241 0.80990463020245418 7.2609567470682972 5.4148782463664515 8.8468436966381283 9.5005741747957089 7.0593821240293462 9.0984565664817136 4.2580449663548778 8.6506111087016784 7.9343530998344258 9.9807504542083176
 6.3127629956849463 7.9710875315462584 0.17373304520945143 0.11254422685932508 9.9337469811328454 9.8769853575119733 2.4906806107238215 8.3033024666077466 2.0464159951173095 4.2674445495964921 1.0108062663701727 0.7795104408179192 6.549600376565067 9.2335477723184312 1.1454293030324085 7.1830719106239691 4.6892042571502977 3.9491473035735765 1.2295428057414142 6.7300837682305072 3.9707501509917638
 6.0186704079640672 9.4661062308996193 8.2513888033216354 3.6164581761288588 8.0128305294878306 4.7719389438235869 0.53422080416660456 1.5328989241504782 3.4953213579640314 4.5167424054024394 9.7980688194961694 5.8838879021015158 5.2547985715157761 3.4634156933447562 5.6458507587985283 8.755601806403579 9.1358325996768883 6.0684617888792145 0.10597084938290191 1.3105004644164771 2.0264543491917593
 4.7970995140512445 3.3603812641973789 0.70094149507970926 1.6468916087719325 7.4985284556692182 1.734853233840528 4.6522474204273037 2.4318605477677364 2.2048209860509553 4.403636335280579 4.423467752347034 3.7464419597177541 6.5853840564777606 9.1601022959074854 9.9828693411321279 8.9468490224517669 0.60878460182216698 1.8109884075011724 3.0320610028101718 8.1334580614462517 5.6193791609147272
 1.4816911975899654 0.41717121431196924 5.1441907186249693 2.4174746136307239 9.8171492710888923 7.3067021948248048 6.2994895562072495 6.0073351185295571 4.4464341095681545 2.0853256149164152 1.9229243615944953 0.61757142746073068 2.5434029468574875 2.8338563315888949 1.6857646435552192 5.2366928993819331 3.1692788347695449 7.8298039097561585 8.8857631213666401 6.1616647618919167 5.0306834371828071
 8.963470309449967 9.0918274420883201 6.8858541274738183 8.9993674925970382 5.9227122150100362 9.6902051605924004 0.02584255815258607 8.8223201974156016 2.9648034009827544 3.4043258679374495 4.5642962733468844 6.5269275229009258 3.4095304385314691 9.0459089225497031 2.8104596053396951 0.74713566346692062 8.1726895138881233 0.20885787729582539 4.9356958746205501 5.9136817223476887 3.6197461691841677
 2.9727751729164691 8.1120378034152729 5.7083367144539467 6.7287759746187339 5.3501900802742375 7.2031962939583831 9.3947572357111255 3.1297911623767343 0.46597255066846688 4.3272975887924057 1.7454527510796964 5.915634135869813 1.9567159051762721 3.5841089804079966 5.7985090791956573 6.7292148407763026 6.5651687889325849 3.001417669900845 1.7094750537268517 1.5806499735920769 2.7800884622588025
 5.8873154896569266 8.5503623969052622 5.298513244423888 8.0103532358727634 6.8133362356276015 6.8062424041888825 4.7308807760110367 3.175841491724682 5.0107547816344375 6.8001830000045906 7.9714651263453353 2.806754837683862 1.6771492733067013 0.65141283201222744 4.9492215532512542 8.8982609211542023 3.8035472103901595 3.9094332533558003 8.5091419982391674 4.3815094785489759 5.4388898609004208
 2.3913999502917922 9.7693658671866572 9.2696692611882003 5.9894888770386512 7.7978861784366318 5.2809282313720995 8.5656381022191219 7.7095241996419386 8.05023377724266 8.7606562978205531 0.31083453041520315 6.2410429029334482 8.4871030821202211 1.2362464730153726 1.1474719464886245 0.31181129186608358 2.3021003714168415 2.3891267694335712 6.5845161255893467 4.4749372320972904 1.0683314132357329
 9.1842860317056942 3.4170469756143955 4.7867634522220932 9.5154921890248296 1.9605899177246471 8.717499416018093 3.2599913204383451 0.23966285907209994 3.5424591620047359 5.8645380175207613 7.253930165165591 2.2419655556882185 4.5222405705340467 5.6708688711068458 5.9366735981511445 9.0336615110293899 0.55339088036253692 2.2127833002646251 9.2871868462562475 1.4427279022417556 9.4874974126163512
 9.7695771818435411 5.6941311288517715 6.8950821057996823 9.1013031696457993 7.0140759720289427 6.6489186747594422 7.7750421638175027 3.4453956303839512 0.54952364753278071 9.8915323652660323 2.1741108546787107 6.9793972626991083 2.3993752144985452 9.9019213874102743 7.0598294848373824 6.135264222814917 5.7694207941594708 5.4743811964872249 2.4243809860708336 5.582193550131632 2.9387875646177748
 1.1915940941595342 0.48638546862824139 2.9467427951031628 0.63479579983655543 0.97454460935859011 8.2422214662496689 9.3749543734359548 8.5766711945467407 1.9350246329392746 7.0531226082413152 6.8635006799506044 2.3950734156805571 3.6295738143695551 2.8057639877377576 9.9461460269954767 2.7599206483158882 1.971325881311226 7.3862579054968789 0.51394059497368794 6.6395252624626631 2.6303455036001804
 5.6672773499127418 7.6466742151804272 1.9958407527104076 8.3952919945432285 0.4450590225219635 7.702528881203583 9.5986444111983342 0.94125678818628256 5.5720998963274502 7.5041129826602502 6.9759520413292 6.3985107323144961 9.3168454054889072 6.9851693685287497 3.2485841113846643 0.10601241921368287 6.1736740811370661 8.6507497930650157 9.1451454405206185 6.32447267522363 4.5971570413996119
 0.17538000370305107 3.8132387883168577 0.0011782879283976921 7.1659065471791621 6.8763226513158386 6.4234710517885887 8.0171816371081963 5.6292183448613002 0.1390857438097497 3.9496316193090149 1.9112556448895983 9.1774198834661007 1.2866325904938929 7.5791123403977601 5.2034467574222294 3.8696099538976876 7.2826580237500611 6.3469126620853613 6.4547084514041151 2.8018769935782823 2.7305381233157062
 4.7197171735536552 6.5338054835432358 7.1042836386899646 9.3585415860327732 5.2420279069894598 8.7106046102954338 5.1905337444500965 9.9344448237339673 5.6368847825734019 6.5022734584340895 8.3232631301960343 9.2121813783808584 9.9036015826606363 9.9301383143425355 4.4944434103000521 1.0303691440471534 9.9257805060153341 2.8864239095924753 3.48518433227389 9.6925746451850756 4.5389432285100746
 6.5414203979374381 3.3978355089035488 7.6851947563458474 3.7582175354131859 8.2459209557318793 0.39986631653275473 9.0081586096834734 6.5744565986233034 0.703897738629921 3.2003736143861721 2.958600889329996 0.15150997366506647 6.7321964738660123 9.4806475081083246 5.4517473158605823 7.6301798712169147 0.62259167951464067 0.80325057569799951 7.968771143365057 8.1607265417551726 5.7260338791312186
