# Created by Octave 5.2.0, Fri Dec 17 17:26:23 2021 EET <alexandru@alexandru>
# name: A
# type: matrix
# rows: 55
# columns: 55
 8.527164311320778 8.7198985644549794 1.0477261234860729 7.4149474279160437 6.252148644517411 6.8004419307967812 2.9124724267294004 9.5932674790433108 3.7399071630630205 6.4539348999264243 7.9120612127717855 5.3894784342925259 1.4740795251527667 9.7310280011098946 1.793256214477144 5.5133686542939859 0.012987604704562283 0.78777492725035358 6.4489247307528341 2.3106578660678507 7.6392051776985346 3.0687878594279256 4.6228731847124998 1.6549975191118267 8.4968971980440156 1.5557950193115939 5.0816207290943973 6.9203310173779355 6.6391934754598436 9.8225611641855846 2.1065630941699713 1.1112514547598433 7.4193294624639892 8.757243194041159 8.2450924531513987 2.441040726784391 6.0717679947383569 7.5154774927090742 8.2124007059204747 1.275303757601896 7.8524077539490129 4.1941501504362657 2.4127581387697412 2.6449994823035889 7.5562832110705216 7.4372908327005778 4.4566258497767013 9.8477207041689745 9.4024288920471797 4.2786244378243996 5.8455176849341619 9.4988496028041638 4.2836781588472919 9.3139543044653834 4.7802145053057039
 2.3803444651361678 1.1600332776217974 0.45597909329389941 4.8961090452978393 0.30290041870157869 6.0272279683771366 7.0282332677228538 4.4504039720041506 9.2466882273330082 9.4074540853183848 2.0725063541490614 3.6971750815224107 2.2768006460836037 1.5877718630189324 0.89451127915793727 3.9789539777274614 3.9356490742298749 6.8865166853592976 1.7219442450428897 4.6751981454210769 6.9548592802182707 6.5990993772179207 9.5550254484635531 7.7695625779641988 4.0256983530153416 1.5666406680446805 1.6833541750850918 8.2820470781990387 1.7972264573229162 6.4058611219223671 7.1973611344709436 7.9633017335038749 4.9858220579140831 7.5921612379351746 4.7983809048035218 9.3240001781543782 4.5708416517728816 7.6035422633137726 2.5378931916783714 3.2800213596186008 4.3829071198342575 6.6100382268267035 7.8950733012015304 6.1427607035752185 7.2371585194420032 6.9701612748350961 4.8778998837118701 2.2149725719529205 8.0784813436726992 8.9992344777151736 6.5737322871206612 0.030785118252190546 3.5990601861118292 2.3575295237291387 6.1095381902499204
 1.478505096736515 2.5622575759460071 5.3804011916732231 3.8322664372566346 6.6649112901358141 2.0110289256483886 6.5831316166050886 9.2683415148237067 4.6406318989276247 5.5100350464412067 4.1115733323369126 4.9823179691599808 4.0403086055507327 8.2983498364023269 7.6031476732300742 9.3310950402245645 5.7036465818290303 8.5941655019165317 8.2359213114340175 0.17557741128146831 9.762605981427253 4.5326028648165391 6.3386342738863846 4.6424719799092005 6.8248134725705434 1.2235276923376119 0.62358895627207689 2.2363212556055463 0.48256912426522791 1.9017960879243963 0.065048287080457401 9.0367906907998847 2.7137531629559359 5.6076254978608429 5.0267881297410426 3.8921899775389686 3.716099953867698 3.2073158109761053 0.31215479656506107 2.8587144751001765 1.2385417031963679 7.8946482204501036 0.083117043056384787 5.6996142197244728 7.264638079826371 9.3729595090824009 6.1282945327175655 8.3623305613228318 3.7685996248769511 1.7443585422245396 0.84679948872474253 1.6163156163511534 9.0018319916750293 4.8559243780802968 2.4304746409416138
 3.9198288444237965 0.56689119314607228 7.097433256318002 3.6457054805130946 0.24647641912990337 7.6475015902703198 0.50548119749798714 5.7226681774874049 0.74405957016805901 3.3914481514196844 3.1805098431213903 7.9523488825970476 8.6943797967139815 4.2610539813849648 5.1278383881755722 7.3961163944850483 7.6042710901317161 4.703320108279418 7.5321646484671749 8.8273191957191592 4.2315585078822062 8.0865609055725987 3.0976819381276051 3.2030224697049077 2.1572762834146637 9.279322009385238 0.82122260038500916 6.119547662922713 8.0041716615026175 4.5704913939599399 9.7906176318007834 6.3654858313917124 4.7537114753740255 5.9656197266682014 1.9485799124133067 1.3624838305748859 0.20473224618554764 5.3282910671206443 1.9661221493994603 3.6280956921914358 8.6316910845584687 4.7250404457862691 5.2896747362913725 4.6807386570695728 3.7689872208746218 7.92157022016002 0.10588603111869754 9.6048606649101718 8.5344085816801947 3.0883639029776817 0.60197143581304058 9.3066610659597035 3.0834258968107791 7.3421758223301756 3.4645231255229931
 9.7606849770616702 1.0708623374065134 2.2566645993611849 6.5845943932592688 5.6244483597488024 1.5477842829026494 0.91681448389536668 7.838490527860742 6.3298718817207309 9.0672549020788473 8.5682224406992376 4.9070583730341673 0.80952367479690968 6.1496022442691176 0.32265319943291781 0.35896333160255689 4.0971413450405532 8.3811873980667624 0.41826330825530378 6.5567175256720409 6.4022412238188044 2.2262238744107439 1.8398301650379083 2.14876504852145 1.4238937777780443 9.9479323293840611 2.5868121025782336 8.518880004524064 2.9780580291830301 6.6654220634584433 0.35436309091234675 7.4797656984485243 3.9635474871807004 6.5654574188661909 1.1405436833801923 5.9117009628608468 2.1164418155362203 3.8509172590637037 7.380265109639442 1.2292378314379186 7.2908134203813226 9.9954905289872045 5.5239106178203166 5.8455636309616432 3.99737612517248 9.8726020450958671 5.5599393011194813 9.7570761915145852 8.0050003046790241 8.4587120166670946 8.6436435700602416 5.3282752420619435 9.2214086610824602 3.0661150143795806 3.4586867597326671
 8.559112599869179 2.8405847072630226 6.3262549553611267 7.9104582260954377 8.7611306185176172 6.2422910356147785 0.03086631014370167 9.603207818616621 8.877933990483065 6.7433164479651984 3.1168962898066437 6.8750821199627898 6.3386865633888885 9.5386920253769389 3.4485043512510498 5.0459021993882738 8.4190138865824657 7.544459347592313 5.4801599560261582 2.4080920123142295 4.6513467762507048 1.9170337823092116 6.6299650228720655 5.9332651113149426 2.8949272385291884 4.1497359847909028 8.9265662681799558 0.92652406553527511 5.6660456981699987 5.0215215925360743 9.8533832293897046 4.3091957660340778 4.3382586418290483 9.2796622553270058 4.2746305483144482 1.7727512966959798 7.3516950806422603 2.4188387563257678 6.9876572904028977 8.1343002765731516 4.968626159769804 1.9755424722663677 6.5347218333128456 4.6166610376697701 3.2147319986114402 4.1205162294025648 0.054740951117289605 6.5097539370262467 1.8430736244350681 6.6905270435111177 1.3589614526973786 5.2813598814355167 8.4647218661074461 1.6498166589649359 6.2489420831927491
 0.79686330342251299 8.3077747085358915 3.5962686535527784 7.9987840427397838 6.5984867592137473 0.79820838779647563 9.3577920534005585 2.2356411050261378 0.91292943780005231 9.880794262515046 9.1578417340650962 9.370566926129575 9.5220770839816513 5.7389422025847843 7.2642904831059107 2.5192742151714871 4.9505392613971564 1.4377753898266836 4.3624284514876459 3.7301741901583512 7.2575231315169937 1.5445596381941034 9.8203152760446741 9.9654931830539599 2.3924166505437987 2.6059076048469492 9.4653205066340327 4.6646471624337451 9.263124727452718 1.8019481263743571 7.3762647695106409 7.9034145549917012 1.9887170621129839 9.2278966385576986 7.3492629742565354 3.3088992516149833 5.3582771282926451 1.7136887126540885 2.4892419029540487 5.5991234109181924 2.4144829100942582 4.7326067713653313 9.6127443221734392 9.0315470595200811 1.5296745126123494 3.4099318613190639 8.1722312193422617 7.5890719589983711 5.4389099604895463 0.55898506402774095 7.3518131376521358 4.8436747615816831 6.0623020423606055 4.9452021889947755 9.1231343268699696
