# Created by Octave 5.2.0, Fri Dec 17 17:26:23 2021 EET <alexandru@alexandru>
# name: A
# type: matrix
# rows: 34
# columns: 34
 9.3639143303688535 5.156735122554668 2.6413807693443765 8.2922244464982047 6.0078665295065381 8.6317357639655601 9.4237228262496959 8.9803943475380628 3.6185463998691154 5.7690002257295392 4.24181356223243 8.0518011876934263 4.231780343988591 1.019764066869872 2.1031294048828926 4.4085589843433075 0.31144364748844233 8.1228851129018338 1.0181022846443848 3.7214038051984639 0.17477206368055986 3.2923071851028358 2.7359644277883617 3.3925867117894088 4.6088498554799608 5.5382925229903996 4.2074654660889568 9.3050447787810366 5.9294566003206128 5.4948112062304553 4.6261182824724107 9.4085179040769251 9.6784064298342436 7.6502852708458127
 4.7386022547747766 9.7274297152375162 3.345136241035382 8.353792547196413 4.875292580488864 8.2072998634551162 8.2021937864824803 4.6730618941300541 1.9941714523257974 3.071317208143411 0.17988199132916649 1.5302075153958921 5.5216171818419753 8.3851044471754026 0.022690602117726888 4.8497730076409011 2.0993611360003133 9.3042641092446789 4.5967310281614244 8.7379266875227071 7.8454758383030789 6.2458642062690597 4.1369328882618666 2.6202326458267726 0.48057517630644964 1.0397315503060438 4.0694253035212187 2.5413207793054999 9.7850293838731304 6.6650310435341051 4.803762488717366 3.2188843608712308 7.5577601991781158 7.1233174693874322
 5.7520412699579389 8.9774250895567747 7.1343843570101964 2.8010525970179874 4.8356052566344614 9.1434272240822914 2.3628585960158759 5.553266935077092 9.1494764475114305 1.4630106546569794 7.8019260250275622 8.6238024301934484 7.0110240568811211 4.6875747641295389 1.66096465244769 8.5201159379851035 3.6925100054011599 4.1189080278407859 8.6710028173572411 7.2378289389448422 5.6585176277561811 2.6868818762747044 4.5417461384516518 6.6603851817135107 3.0338680935253342 8.0676362018930607 9.9463816807182965 0.40435219940782519 1.8332328990864117 1.0013063269644145 4.4991900085063667 7.2224341947368131 1.6300639923425648 2.4636674628192408
 0.71793326010925962 7.7579638661340162 9.4204156209153584 6.7290670650300468 1.5678710810567771 9.0165134002495826 5.9626297290931776 4.8876987887862491 7.3253912456572365 4.9410869678859219 3.6576252513480605 5.7122109188009427 3.0835373296492379 7.5652321083674403 5.4443783037954478 4.8905472385931787 3.6559059912851439 6.6205361096936315 9.2333810210942371 1.2381348936819141 4.6321732474827018 4.3981283707105083 6.5309133419061052 9.8049633638533233 9.9194784112218635 2.686435632238398 7.9538410224162259 9.4214623574588572 7.4952226903630805 4.6540651920488401 1.9379497350706916 9.308991658379778 7.8046186351553501 5.8433597666603356
 7.1894776690706887 0.03466666158826448 3.3284299738219096 8.2747525329571872 1.4874837132098158 4.0477503527499286 5.3422569686749535 3.5898701075776933 3.4080040901626623 0.40294452374566014 9.6577161531607842 8.835620701675051 5.2300657249902418 8.3108054280867556 2.4630872296767277 7.7671002880260778 9.1809525637290665 2.8873617149258641 0.98363547017702602 2.9403989998416318 9.5469296609440129 5.5205195384371066 1.7035992260518458 9.0833893942327499 8.7559147425836841 4.7951888289237239 3.2701885210839658 6.9106834720354362 6.114563645074524 0.41573501826948678 6.7592662186046706 6.4790339198563878 9.4206843342239708 6.4366023328696196
 7.1889852769668314 9.6827043017112455 4.4539334891434903 8.0584658885863867 5.8402981905763331 6.7649466048502918 0.33379755356392971 5.1546517921133574 7.5910512148132581 6.3516374324206311 4.1253478364898415 7.5514210046446459 2.04436194957426 1.3795659170762393 3.8374144424971472 2.3980737328864983 8.9535611842932497 7.8286795005058138 9.8579976911362444 5.0321252400294414 2.4731394453834814 2.420409990488706 4.2841267032722348 9.3849628575789534 4.9776653440226042 1.369082215083071 4.9531186901116318 3.6243721460034002 2.2555764450668385 7.9631753178488811 2.7923352525936478 8.2939583243199664 9.2734780818807341 7.1565728351390367
 1.2137350950890418 4.0251939576239328 0.3084082170619844 0.98454614607639757 1.4511174456655502 9.6090609004203671 7.4529600019209399 2.4690633976599767 1.9460680690418557 6.0070768980897471 6.6862843976750685 4.3151343648406799 5.8905556225396261 6.6371076738779262 1.0754904196599306 4.7669548882393968 7.4312734178857243 7.787163685482593 3.4884131627689134 3.0881904942544121 0.48573046502668737 3.0453645714880477 3.4056438188190512 3.6847747443063343 8.4650932340848453 6.913814003942294 4.392994514426519 9.7563643159105169 6.1348333011235994 5.3681960585058484 9.8469457368581921 9.0142728940439039 9.5556422948412134 8.6304406645505019
 3.061320141567017 1.3025097888040222 8.4495703929985151 8.0752115259040469 1.4577125447885027 5.5528380707785949 6.3558783002481967 6.203097620763927 0.32946570553182886 4.7921609475210252 4.4571765884736578 4.0176629084307329 0.91931868740429068 2.6802143108413574 1.4946492314925601 6.3772035557468243 3.9375902606829531 0.48099748208746562 0.5229511728688323 2.8008888202357101 8.9095504463615143 3.1314512129143242 2.8987458343410526 1.245810562665554 1.3688141133187708 6.9045031362079072 3.7009479049830567 8.6361673413456046 6.1164548943342556 0.67838422688516964 6.2146544531637122 7.8288614026896468 8.049482829806335 3.5741520415236834
 1.6168904035440872 5.1440731151467549 3.9088098423482771 5.3144808608149763 8.6748882284566484 4.4797407919069494 5.9845179606254026 7.7844785713671785 0.46819945882532177 3.1958255283665142 8.5371249988011613 1.540361007213809 5.4300390562974297 1.5904648526397187 8.3794637530582712 6.7752066838588849 7.4642721193058783 9.2183859258433856 8.2729600208540823 8.8279130220302431 8.7214308133722547 3.9036602722577602 7.5430424809540808 5.7138166377931112 0.81906730018127472 4.7768167629275009 2.8567776815772432 5.7089250245723191 5.523441821959131 6.0455308113460706 5.4940655314443507 2.6705584868180505 8.4121714436069812 2.0067175748860384
 3.7939361569859336 7.5473351610352593 8.2983910861230932 1.7163003517539348 4.0070767384466395 1.1394418292523794 0.9064482875548312 2.2816051822486312 9.6471142207055909 4.4508325917795872 6.3227834808506369 5.6574900562161119 2.7626811626036991 8.7466991395332627 3.0631234364012676 6.5204135499607618 1.3266411131003246 7.7889412772187487 8.5863997192913963 7.8293925959264952 7.3354345411189108 3.7785363540411159 2.0212678740845931 5.6004250333454504 1.7919354886728618 5.0174135292062392 6.3978557234190445 8.5066159046290863 5.2312312483258818 4.2244591157840174 4.7389195531733428 6.5338629163414561 0.60204345923998082 4.4014987411515385
 4.7538245552918186 6.5006959286697281 0.465975812724299 6.3898673229345651 3.111941173280794 1.5878537916147222 1.028381371204639 2.2298213884473967 5.4673698132820512 2.6224472780709092 4.4954066484856368 7.4161318223530017 1.250689878849041 3.2498493807140654 8.5783442947128705 4.3780075174450701 5.8701583927339236 0.61720399943727178 2.5394198129831107 5.5569894724106748 1.6123956484506747 3.8621809252452692 2.8840246549627251 0.90673221380987146 4.4877176307164541 2.2800077322473196 0.5671316154888133 1.3585520372355004 3.4427741971963917 8.9419843147893818 5.2540445900317341 5.3626682677652528 4.7174747148537195 3.3117089238303814
 6.1929581554039466 5.5396233938735229 3.7796618974999592 3.1744546266786449 9.9713006175622017 8.3642299322146165 0.21477019195808844 4.5767680645831117 4.9434676759421849 2.0841585400595903 5.4123140087475052 5.1292515085481121 2.1483866158561011 8.1196332577552948 8.6708210048338223 9.573170642056839 1.2321208020284251 1.2706594111816178 1.3803061914006691 3.1993865000344672 1.8363454500130199 7.5468324596402825 5.2612220595347949 9.8661549983487848 5.8900095097097935 0.35203569434951776 4.6365824823703843 4.0044272841619701 5.8458716617944919 4.0078321108272927 3.7373166687556121 6.3289326288710379 7.1977091190649443 7.6067849823861113
