# Created by Octave 5.2.0, Fri Dec 17 17:26:23 2021 EET <alexandru@alexandru>
# name: A
# type: matrix
# rows: 23
# columns: 23
 6.6567058002520794 6.3458820188270026 6.0762146199913394 7.0066628433388312 7.4848399392220708 3.6861350749433979 0.48552036144308741 0.85895487462961206 2.0585033205354502 8.8521123184681798 1.854469473916081 6.629031764212499 3.7823462793118341 4.3532924481297606 1.0272538260613733 3.3572928282932106 9.0023632305603325 9.9145987061807936 5.2898676952597583 9.7722290475520239 3.9133894385196859 7.6337479861629474 7.0284544774545292
 7.8549961565274309 5.9754798601444028 9.1269841861428311 3.9307551855480476 9.6492292012741689 3.8179675558381447 3.3038439572966967 7.7029636166565272 7.3835355734969568 2.1263675194986971 7.2681014040712988 4.9946300105666754 8.9127454202019791 4.6888738642411445 0.68484198189546919 1.6727391898209305 5.4603140781284996 2.5976243054717481 9.6123287984444197 7.7442962274254512 9.6243831293888213 1.1414864353045699 0.90316084400205154
 5.100175167525971 7.6994986079264613 4.9312716530235141 6.1073988971124296 6.2315396595166108 6.4219272332439967 4.076172728508884 1.0986314599070761 9.9717748523317145 0.84853197433642547 8.0956295616286074 8.5260287402315349 0.88398801090847789 1.7119263026285032 3.8600318691811237 9.6292443256001157 9.6225589740759467 8.9942946895819258 7.9001800058080649 5.8873270803197819 2.8959599158087439 8.5306156511067801 9.0410238302259351
 4.8486897896802468 4.9361781209616211 2.9651790981909549 8.7382731371076456 0.8082254510889979 2.2715016754732846 2.5721868480968384 1.8052110080459722 9.7551395855486884 0.69470217927906908 6.9844128049934611 5.9187699484390022 7.4314311647699194 6.3858438600225949 4.6911487275994039 6.9233211194134672 1.8687695572540224 1.9191620866255503 6.3873098423223054 1.5944689620333148 4.5903421370723132 1.1774289627941941 5.614585942386757
 1.0875557720349298 4.1110261959252954 0.16121106244360295 5.1108126306817523 5.8245132518804272 1.4771918540065072 9.2369779466565074 3.2904763483337791 4.001205236773016 8.3217779652999564 0.036343675873046655 1.0058027325588819 3.984858802232973 8.5731960577685058 9.9301502593867568 3.5817726053882986 3.1535900872768758 8.8074288581210496 3.3708048082968238 4.1397364145066469 1.0538445600151085 0.22769465290178692 5.796635436164971
 9.923159857609523 9.8385239503169721 3.8179982151169574 5.0889643963291809 6.0077516486113192 3.7945139297707837 8.944711685740927 0.31185195066849958 7.4972815817416985 6.7273938126480495 1.9662549245722842 1.9345992626216786 0.63247003876862706 0.82211723803341674 6.6349464134700256 6.1540121810886443 8.6212440213324406 8.9866387923434292 0.89255934316903418 0.63384837829863527 4.9565126778271988 9.1763439887422837 8.3158405279668592
 0.2141707895193472 3.7457823963676922 8.4998049756244818 4.7099972955092131 2.4977238822562104 0.47022755141298433 9.5877833603919012 3.2880310756767011 4.6510873789670502 7.0027475318305434 0.79372017561944608 1.7361339256937121 8.8584371408750151 7.8976116379301873 2.436434367789682 3.3426515447779219 8.7979080428565695 8.0809017031728647 7.5291251098699972 2.8841099916199093 0.84895849089136433 6.8953206746134015 0.81436948167402146
 5.0589988013599596 1.6729732738743248 4.1886638705787806 8.1327651314182212 6.0522983789749309 1.6929503513151793 9.0101711227379404 3.760396061230014 9.3036658339494824 5.6251130229897353 9.658746508848532 8.462505052387014 3.2058324249939356 8.4429267154112697 9.0630160275219822 3.7318405708745801 6.3297690449559543 3.464043823316763 0.84530051158563757 0.50809732690643639 0.9737174026955413 2.3609709196839175 1.2043164399172772
 4.2216712076010401 0.92940368797745743 9.8082396124985145 3.1852432859229292 7.5606788151670345 4.9102998420402635 5.475377459405796 2.2804109355782805 6.5466666608314448 2.9078676870335345 6.6993675495760785 3.1168241432333206 0.63173640513015039 9.324572846358743 6.379271575954415 4.6118466760767447 7.0797283541585321 1.4496391906253443 5.9805885738169753 2.0419889494277528 3.2778666855302601 7.0849431472160784 9.4927967200760417
 6.3954210393941935 4.9943094733254902 0.32134180325320272 4.4290838521787759 0.45352700494180875 8.573637406923492 7.8095295418839967 6.5179872237142975 1.4663552337395274 8.8405257119844229 7.0421571199727566 9.8858860117516851 3.6653265455858426 3.3933750401569291 3.5041234080072519 3.2637938612885802 5.9325591888960769 8.3022916825601758 8.7789104637649658 8.1952979614040391 1.0448216249416746 4.8323313967176178 6.5885138700757437
 4.5322681429801319 9.8783246221039374 6.0638276930680854 4.5520288680513037 7.2759202484402969 6.7151767105073326 8.1070288894665001 8.3828488341159115 2.0552072564375794 3.3481175234058265 2.0727962532554529 2.0254421639288984 0.098714479501243346 0.87019162754073887 6.4403221096699088 2.3372776943861866 5.8210393852502831 2.8889629540422619 6.2583679911004664 7.3084536565613778 6.720439753866386 3.3546296576460537 8.7947633610230014
 8.4372275754641173 0.4969190394673233 9.023534722779635 1.1910273077969729 1.2108760154795888 5.7529949573438879 5.3169506653678997 5.2969837544614009 4.5958505707746813 2.5987397889107262 9.7973489672878884 5.785142401085249 8.2195592907772141 4.8422112584838919 3.7012298508678771 7.7345280997770551 2.4910478815529675 6.6783115426162798 7.6413454629733977 5.0018373051223151 6.0539808891068256 1.6978749797338017 4.2081957049862275
 5.7493652951146732 5.1146036550995655 9.321111163081035 6.8563546426638675 7.2781113460902329 3.3379370161336892 9.5610624145964369 3.5584946023857218 5.251188539049422 0.56569616420679192 2.4943517584345325 4.173054973199795 6.3454918757369612 2.2975835422910889 7.2359651023441796 0.15182922125721521 7.7997465789896125 1.5904651330389359 5.7561970974428389 5.3874667318121841 0.34681411998897671 0.23492504296216121 9.6947001469313818
 7.761378689487934 7.1421028253753525 5.3602325760765277 8.8939818009166967 2.2791848384952291 2.7679329623686617 5.2185891907552193 2.7966191492690946 4.9553410186050897 1.2593735176490632 6.2765887665945419 7.6988944647172106 5.9513240263639311 6.5026384629389833 4.6943946954684108 1.4222330942059518 1.9369054143019411 0.53841955053084134 8.8063946850262962 2.4943673880815815 1.807093900215619 1.544118047727701 0.40551933850929522
 3.2070595022638764 9.0670102060865414 0.96131000609985739 0.33048589042692411 9.9893950097998854 3.8146283292381695 1.7820431397849283 2.1660776464463187 0.8846560099892169 9.4038892354094568 2.7510544949025055 5.1706043425016013 4.9827046685751792 2.794048277113061 1.2448446428995112 7.9782820240369112 1.4075683026707324 8.9264649337672299 7.1446405684801313 6.3345942768438839 1.905946097048667 9.3546972584338395 8.1271043444216708
 4.8288001205227555 3.3143896622000462 1.1356632674769467 6.5071993692794798 2.204936191197699 9.8861207436672522 7.3696225529300596 2.9345437073252252 5.0418805972240124 9.4935235844059935 0.77507200413874533 6.8336430419475738 4.263568203473362 3.2285162365497029 1.3313981722050134 0.023866040149498779 4.5120011912096682 8.2369766313833992 5.1032880944256682 6.4622211149684947 9.1017449061677169 9.2486307365960112 9.3141005632773677
 6.1261912970733974 5.6595964632679516 9.2454121771991495 0.27272471911947305 4.1664169478503572 9.1090550592823014 7.9947253241544471 6.569516640774518 1.9097876528607811 7.1635964851766074 2.7974953831234601 7.7665938037088349 3.3909136702597293 8.1306820737037846 3.4052720663079854 7.3447509923749141 8.239110997414743 7.4433077499802733 1.5812397346402345 5.3441512322344229 6.7167949143907428 1.3005894308660988 8.5002738675058502
