# Created by Octave 5.2.0, Fri Dec 17 17:26:23 2021 EET <alexandru@alexandru>
# name: A
# type: matrix
# rows: 66
# columns: 66
 8.5565416682729438 1.4028959622755672 1.7825422466111247 5.4310474794390986 9.1649355545589746 7.1790701288250869 9.8710112013583142 9.2459327091650554 7.1678026258514382 2.3921174911416427 1.7525406906281553 5.815316234836251 9.8692463441522502 2.2743370067070785 1.7470250157020821 2.6777737139438735 2.2798399963730525 3.5321862977486345 2.9399260366120301 1.0319734067430324 3.4725227185968084 7.7761163834910194 1.406925918778716 4.2441163384017875 6.9563688632333056 5.956630132273447 6.7878487153976739 8.8441809833866731 1.6336794491487487 0.86813425616643558 8.8589425093636383 2.4944322111790869 8.350742599758636 9.7054692185170168 5.4126227183381772 3.1542482773684561 6.9555073529946014 4.7020581870443374 7.8544763097926058 8.4087453974596276 1.2702231301974236 1.9272954309122508 5.7991827144156112 5.635725182325503 6.6950414538361267 1.4049177025729227 3.3034143698143441 5.9006540213430032 0.26128556016538673 7.6143005129205523 2.7207023144434301 1.7453785789257208 3.4856155058707068 0.59380266419170979 2.9129638636710515 1.2625631688581147 6.6841088840229821 6.6684631328038249 4.573976599164137 0.85270554054982117 1.6506738492928315 7.0608927748750752 2.0775561251880355 3.6936696346017932 6.0040713589828787 0.40389879252852245
 1.0426830722583107 8.6778337820484523 4.5747402614604544 1.7809004522004463 1.312524590672373 5.6974215736697884 9.0085366600578709 4.9067094703532197 1.4467036186283884 9.5256953731172782 6.2810558376232519 7.7918261335547818 5.484849350035546 6.606914295914792 6.9344680421069702 8.2149572426638233 1.2767617392686952 7.1746861092426828 9.1609999458068216 6.52509896560895 7.1120961641208815 7.4153783263018136 5.0499507270007413 3.7245773240943532 8.4637793083155639 6.453563883444664 9.9073127759343844 8.3338340209665933 8.1559563484207906 5.0076873356030163 1.6697721141922046 7.4604289789257141 6.610755427661382 4.4728637579717336 5.5646131068436597 8.9878919027033781 1.8372699903953045 3.5527925390240038 2.3651552290263904 8.8083755677370927 3.4911090370835081 5.6930260480402506 5.9605125107768684 4.6018622232620938 7.4646460815529725 8.5855303765842841 9.9133239453729978 9.5371886572942728 0.41045590403849297 6.5005839643954078 5.3814519152027103 1.9900591691730756 0.60819543963033063 0.68664097002099012 0.48872543537657731 7.2176947496033854 9.2652991889403893 4.7120234084624828 4.2004298043167081 8.2440380394084478 2.883916620604225 1.2581579463171906 9.1484467528178186 6.1991663580438763 3.0429914889721981 8.969241393799706
 9.7302289282691969 1.2481559853955386 2.9239535512463903 2.2917176343419392 6.3606829478899058 6.620862076131468 7.1301736389506072 1.2683875557221809 4.8987650239589824 9.4942730239437374 0.47670748487338477 4.0281296194082019 7.8758147398894449 0.31448725222563301 7.9219624726708302 2.6795554268069992 0.6791621197463964 7.3161665148212043 0.77313075735738579 7.5794918490301928 7.9588224990442233 0.32878098383992294 9.4981275535904111 5.6526408266144834 8.8382086208346706 6.2375214956373606 2.2255443872744256 3.9162835195213668 3.0868441205470161 0.065979156329941002 9.8788014532732813 9.9003195650577158 5.9239080059787845 3.8403837998195929 4.676824885551504 5.7125619585390659 9.4142677917400963 7.8947764562278433 7.1663198106776811 2.696571076452023 5.1898062176992212 3.5301805024941251 6.544752271001717 4.2934824860763774 4.9897869686092848 7.741904271247857 9.2559039231486029 0.12593512677397434 6.0053015265227137 8.2267447732119461 2.1660113283029618 9.7336164492453712 5.7478071295599973 8.6900039178446491 6.8148009928955435 9.7724982549065071 0.56588735733797901 9.2402515368170821 1.7029357891357293 9.7342577728186086 5.7822882760053895 2.8127022927969931 3.6880759681423987 9.7654246381766274 8.7529297200919629 5.703911587923689
 9.6724114659120382 8.1208463038217271 0.31647325379237912 7.3815301320435598 0.77702047732792034 4.6795616798884225 2.9294437685027215 3.4591462150559633 0.35315747476070514 8.3889354421336773 0.28529040320828192 6.8396180395511159 8.7025995378193421 0.35682223449711659 9.7272018247733207 8.9468331983054004 5.2227552156033932 0.3225114642010467 1.6136155927731548 1.6813842524273155 4.2238847509490869 7.8995467848018048 8.0114771640597517 9.2736136303961239 6.8819376359664686 6.6874925823357154 2.9421985033167046 9.6744964093374328 3.4079261323783667 1.8297338017227909 9.6126092698461267 9.4123821584218383 7.0758191228200742 2.5737363439796153 4.9789418727512809 8.955810190888208 0.95632139609501721 4.024436411041262 6.9399486943137951 7.6927767262488462 0.14765253337866424 0.31624606949579404 2.6404990228024898 3.0895921898879379 2.3348935975508796 6.5414796743903487 1.4445532418154676 0.18757074391129658 4.2238682743229177 0.71633318186627037 8.298156808906878 9.7321617980265369 2.7528851260656411 4.2997207358340219 8.8937157248439753 4.1451920779518243 9.3476943265696271 7.8569476828556368 6.7421024635106548 3.8131651970591878 2.5015168808321246 2.0738912865664401 6.8425811826077467 6.2006845017148873 4.4244519805007112 1.9781406612973602
 4.941403315981578 6.681757537274259 9.9994200527617156 7.2843487733339041 1.7108226398503841 3.887847205490313 2.0358259468654589 7.0840737293085221 4.8453202375107036 4.3327097331864177 5.2469784347126911 6.310094848886358 4.2821222478790384 6.8891562618381732 3.7676784499737055 3.086251688803296 9.6965082879251483 2.5628384809523834 6.8790861627286946 5.6688079518020809 4.6305779232807494 8.8050493403986945 6.2590473223288265 0.97116164517538284 1.1561124746722411 6.8242647408145896 3.6087326035958029 3.3905417794587138 1.6258472838778553 7.3025428340460943 2.0416085533354629 1.2607603079422454 8.1743453490911335 0.73858942958598117 2.4321977630508189 9.7409521859161678 0.78478972404235559 5.5571191738604497 1.4543774543703352 1.3743348917288207 4.7269755297358076 6.0403668812897306 9.6639855546657589 3.3023504915865303 3.952940380709538 4.0718245602346546 6.4715343454583554 9.2344916048183183 1.5595080852994765 7.0013525685196072 9.0312421893727741 9.288481518782632 0.12222471579036598 4.7782907598398934 8.7686890213019293 5.6771143237111321 2.201752081765362 5.0359741089507022 7.5639498224742958 5.1608557841176319 6.1985003817688069 3.4774939221174335 9.8827374709947939 0.35561166224848995 2.2978294660774194 5.059761113353928
 2.6989692017929783 8.791442054884012 0.28272424016003761 6.380558946587672 9.2241422289586659 2.3162063496134895 8.7444365914535922 4.4063546201607364 5.2964351388621367 1.3345483958914723 8.2513258224374422 6.0948636180868867 5.468537725335568 8.8647727454446823 2.9150695472725547 9.9622270010442264 6.6344548213083776 1.2216870531704698 4.2946602535488436 1.4520593440481662 9.4291646773756828 4.0814075274939636 3.1011249546749315 4.4192334763501711 8.6347891233026157 3.4868809304330668 8.0142416921452639 1.2339353171634786 9.8453779215161727 6.204844850527051 7.2871100042277597 6.6085194212417555 5.0296570217570613 6.1791434543103758 6.527001386754292 3.7611588132877287 2.5878175073494698 6.2816912228466659 6.5062393160403289 4.8426154119104616 5.1455300847381995 2.2978155167160712 4.6540991027560361 0.67566222190976677 9.8883224473760354 3.4254389164181238 0.59168174296866982 9.5818456344422192 5.569858972260108 6.9026248850418073 1.920517192562627 4.7144442394572907 4.5666934678136899 6.1244008005638149 2.5422165697009054 5.070695541837777 4.1964377063409772 4.325941904316533 2.504589700473892 1.5553008743232839 5.8409696544060967 6.2564045702345519 1.6816957977323659 7.5902780473686597 2.4826580832608651 6.0746739506999266
