# Created by Octave 5.2.0, Fri Dec 17 17:26:23 2021 EET <alexandru@alexandru>
# name: A
# type: matrix
# rows: 66
# columns: 66
 8.0327406320177115 5.6071833985451258 7.9449020087186124 2.9554587718792185 1.4453505132354856 5.1182178033152983 8.2185441024669803 0.18404331987835576 8.4168574019604065 6.5931902965017253 4.1509905741428135 0.69962564848861031 8.3454704223125145 0.19095365945038734 5.3293249612227713 0.33681393119295788 8.5325143855882999 2.3457266787681692 4.5643224039050398 4.4938943392612298 5.8711414500214678 0.98143050109938113 3.0465263751158762 0.09729109248244372 9.6077345862869006 0.86994508563600625 6.0420354348216057 9.0866258057981799 6.008418974803666 7.6064021000231712 7.8611243317643256 8.8362244148479192 8.1973148781457912 5.7300342041399146 7.4630918503414465 7.1758402294525432 9.4695728105612602 3.1488756492073859 3.3363943811317336 2.1852968459354143 7.9342054988024753 7.4909017524055521 1.6743382309318573 7.9005431969136808 0.35572735976884862 9.9996929922030571 0.17517388169838433 1.1238385323570181 5.505110042605919 7.2075239937360278 2.7422814002752411 9.0089314207521163 5.3522339010471374 8.0413219760671648 0.28072410479049559 6.9619738923862373 9.1018758726259783 0.010586072107750422 3.1660752610002634 5.1718116140638664 6.4504943933082153 0.66015552557842572 7.6469638503385582 3.3387677981110824 9.2799663849565981 4.3453950588050807
 4.4207314994886273 6.1626525787621862 9.6729983533772153 2.2796198576683708 9.6595007656602032 3.0458208282970927 4.7422325713090636 8.8798950402752617 2.1375928076950141 6.7839994343576517 0.31741163477799583 4.5860932042900169 0.54258067418067979 4.8812408428203975 8.0313963012449339 5.4512767973509169 4.1066120803332291 8.974560261731904 3.2875551452465617 2.5655894892800317 8.3305966176813691 9.066354444770905 8.9515950114809009 8.6033860264381534 0.40340496947390214 3.1190184297215011 8.9288995835911003 5.8424206539326997 0.022709333811370858 1.903559401894837 2.391425015067183 0.54834309408786241 7.6101140098440201 1.0704182724998916 6.2783426928577519 5.6619347913551499 9.1020617557268597 8.9207452862902201 7.6506330012731816 4.4351184967650701 0.3640183826851644 8.6584186465408184 5.5309310320468601 8.8064265501020991 6.5918905516504207 5.737704517069286 4.2012307438308634 9.4593810296763969 4.4715203350628077 8.3007296844321097 2.9511794607428028 0.13189083784489397 3.6034914515190182 1.1596658752507643 4.1869987729501439 1.5514318327138317 4.2323369121677317 4.5004563631066112 9.7990475093385569 2.6086574908787568 4.7900150253303737 9.7538469077317522 5.6493547352893403 7.6455160853053599 2.1158236357290265 6.8805872440620899
 1.9771155797714663 5.4862943780532909 6.1687027494187081 8.8874279728316186 5.1764732868120857 2.3687537633046123 9.1764969586608576 7.1083888729389137 7.6249038074612807 7.9750565190719787 4.8202647870703981 7.2012468831731802 8.3808937542918507 3.2409337512680763 5.6397882792674272 0.087783172773487239 4.1176160539526032 0.28378395277772461 8.1073443166178301 5.4139784189293625 1.1539811489759115 4.1822630477053719 0.6024514256317286 7.1848333148234866 1.8606787919993679 4.1163867141678629 7.288206439491586 8.8091187120001937 3.1670584013559315 2.8262853171091344 7.06441825200036 1.8145125310889361 5.3829071370972557 7.6044146226521629 3.8498881528347577 4.271413114833523 3.4112134670481526 5.7724919510473391 0.49685721594221732 7.1227637131167976 2.7617088951834585 9.4853446439406692 0.57536726435903396 7.271342751199608 1.8753388271229983 7.5554299087097032 9.2298668583628345 2.3816307791669793 7.104227987948545 3.785295689022083 4.420111490824258 6.3330674421707016 5.9963740999510842 4.0690515425228861 7.9459857170936443 3.1968199864713172 8.2298723942945013 4.2620495847631066 5.9314339099354552 6.7398241815339333 1.5512319511004131 7.63769856346733 3.7497093398036623 1.0270704823285219 8.9962320383603469 5.4608673854717207
 8.020874361502333 3.2971428257466635 8.1809779621504148 5.0549477952219597 8.86677457665742 3.1749412674426041 9.5941513134899932 6.8343335199873225 9.3683533163554209 2.3416395928642326 3.7778685618352488 5.2363942478590539 0.34604692237127077 5.8358718940270302 8.3785981089847414 5.5522700343412001 6.4431876017901102 3.4131014403184694 7.5720631773002625 6.2352660792830195 0.48744653403726845 8.827324766591456 3.7859721049703547 1.560956032126835 8.9139195211580038 9.2390807536482384 9.9560512059341733 0.35618815879112575 3.6795981517011596 1.5345153293005147 2.5880829334005155 6.2891101618779368 2.6841624581873398 2.4409323600335004 9.1826273968888277 3.2419364202900929 3.3649743068441524 4.9410001503209848 1.7670237638877757 2.7651710752538334 5.3557885434155414 9.8833076346333719 0.86756203934071285 3.1353776696107665 2.0162547346366004 6.8314039839933018 5.2365092957517572 9.5785126886813163 7.9978449659614821 0.90646689759812538 8.0491039902219015 1.8739660964797471 0.80206849328913465 3.4138264482523466 1.256125089154108 6.5190430947425764 9.537591964828982 8.6149130471614868 7.5991588203713736 1.7863508020273473 3.0397297371803251 2.7649798575822109 3.9605625641833058 0.33991722530512902 2.4386507951857421 8.1193004225304612
 3.8167183212940032 8.5950123375145218 9.5256179113203867 8.1204599735959277 9.8006172877386497 8.7643295695168266 4.3115758735285334 9.5367292625150117 7.8388727258948734 0.84154042981773913 2.4478241140456864 0.72474249706666871 8.4377548656734938 8.7006753155150527 9.4690944928947474 8.6635785282503903 6.8780853575334087 9.1498198229050534 8.1576559795077266 6.8436538370729583 6.5479587327274231 9.3153270498837522 2.4323499130994315 2.1331363530711882 3.2486418164356063 7.70555046634792 3.4725249115813579 1.53145735270025 9.5528796784925394 6.0880803754052941 7.2680932532054818 1.3544984622058358 3.9776383721966129 1.8556473992525673 4.6192891316707891 7.0863826765882951 9.6959698131643961 7.577236875300204 4.7767482180413259 2.0289258394877479 1.6140443309477375 4.3289004352458678 7.4870744102586562 3.5745904057178928 3.4736247820303849 1.5815249078474243 0.1966450342365571 8.072995193965415 6.7063319683505043 8.0997688667452188 3.8627060807674902 1.1568188091780989 9.9115607980501998 0.72416124893559353 9.1584178905498899 6.590841715384931 5.7435506111832533 0.24727545659707739 3.3095740734190775 0.495399701147337 9.3961048864645829 2.9973995172422323 1.0682720304386588 8.4893000483587073 8.6995856366113351 7.7523984950472684
 3.1539573312439666 2.6597008067328769 3.9185524799934384 4.2045439305749426 1.7934959772653687 2.087088153891365 7.7419896201779448 5.8267630883775645 0.54931352960721647 9.0374498618933554 8.4232339079426897 8.857258700304449 5.5214359560497215 0.78875139086218837 5.8564663034225974 5.164828599253326 9.4278438545607575 8.5417329987796116 3.7337528484000755 1.9297205699524493 8.1304129689866684 6.092163179868316 6.1391648471394848 3.2586196048164111 6.505288562293396 9.7210456628320348 4.3984334641530518 8.8154222005397003 0.60149750009694625 2.6785269999839452 0.95191411253416724 0.60159130393356008 8.2419170662839445 2.9233904910409452 9.2416658295280953 1.9579498776743804 7.1390905886065479 6.4666051974351566 0.63355191731080107 8.7169592339571587 9.1950316933785317 2.5535759588200739 1.5284481864070081 9.4293078680917013 3.2809754754070615 8.5596699065836503 0.54908258064174253 2.5513981930132741 1.4185591657279955 9.5371737688122789 7.4049193865051581 0.85932223879291492 3.7863603635435643 2.22224001735341 2.9286254970861743 9.4740726151962544 3.9062404527381274 5.0670505492556073 0.515575003085184 2.1828680355292414 8.3590903246808317 8.8784425102101654 5.3848601513959498 4.7213366376649208 0.98784278519692226 5.3745976995887137
