# Created by Octave 5.2.0, Fri Dec 17 17:26:23 2021 EET <alexandru@alexandru>
# name: A
# type: matrix
# rows: 43
# columns: 43
 4.5561574747366897 7.678423614579323 0.8280481486085649 8.7046147611169857 4.5493869303338945 3.4745479802063679 8.8780454600808909 9.8529343042107875 5.76327007648635 5.9006717456100821 5.289088739149248 4.153879026773331 9.1725309382554219 9.3702415629744582 5.4621561125698106 8.9060442643525697 8.4142101107297709 3.2092983999483455 8.0095356722929338 8.792245669241268 4.6382358706231921 6.7395134092872855 5.3354074336593413 0.58513856562836186 6.9628011551072087 9.6084384123190585 3.9427868205139367 4.9194462816659454 3.7001109455725607 5.2024662633934016 0.22443200375077899 5.188107320705809 1.0351684034613422 3.0616617354269042 5.0040248519605557 0.51509975221814042 6.9522087181766263 8.9301900619969423 0.21032281728337643 2.7928778943332628 5.4017268158431833 5.8403171100097353 6.1615596903813596
 6.3655523944298533 9.414139801194807 3.0241450253662356 7.3516707506138834 4.3729462308031906 6.6103655030475119 2.768026427288615 0.32304238617517234 4.9721497278357738 8.1119692958182981 1.8849639896843424 4.6150328003763317 7.4997914985506835 9.0618695115748551 7.0460984190373477 9.2091912992564815 8.1340099415224891 2.1153700026059381 7.0302574916565579 7.6659613936073203 5.7850123602953065 4.9825770767862911 3.3606112864877939 8.6839975448304312 7.8152258309718974 7.063730732571849 2.1102189542883716 9.6823302141942662 8.4546494483643801 3.7943574857989297 1.7444342229719485 1.1075420958379694 9.2549415423860388 8.5144505698176474 0.57443402330542725 7.9744227677980124 0.87272470071221231 1.6107643390517175 6.4924938092172741 5.5474009442034822 6.1323017729601093 3.8473842691881228 1.570580625495495
 1.4304401149267694 2.7889881132166967 3.4592557088622029 7.2562388976648737 2.0085248199472643 9.0325455079943495 7.3515017369485882 2.9444053438627322 1.5692598953093522 3.4771878599617994 1.0159427259906921 9.5770640118648629 8.1646454702260236 4.612209230830449 4.9996270541178216 2.8944174104705329 0.62629875991499762 5.9147112314909318 3.7531187660234107 5.740722850376013 7.7647243547349412 4.4861600334776934 1.2286855195927653 2.7294822174334961 0.15961809615078915 1.719253463808819 2.6501280968016365 5.1972991318730353 9.588752578794308 1.0581460561433758 8.8281049393635342 4.4544234884007841 3.8540057910441679 6.3018371102290551 4.3882761092537699 5.5611443197709214 0.36753876022981458 1.1769769058466344 5.104258682815086 1.0032709242728548 3.4031725188070956 6.2901031078417615 2.1147671003415254
 2.3018692571222736 0.46675142801631142 0.81326538131952053 8.1735017224316309 0.95949550478740364 3.9729688480693999 2.2866629766194095 1.9642428228267321 3.0746129599228316 1.4096250761233704 7.1085220168176901 9.0091381178820544 9.4852491919870001 7.387036267251097 4.3749872092395687 2.0886194539791743 1.6387485188297828 4.1737309463828094 7.7350077275057361 1.0441975858425505 2.5902059942962135 9.1297277353104374 5.3271289084908773 8.304032149203465 7.7338486955716199 5.3051443130342237 5.9644725635520111 6.4132805288967667 6.7989009129119662 6.6063923353655154 4.0937360640062757 0.79137248383124792 0.69136199650418551 5.1566349781612573 1.2967925753124305 5.9712472572928004 4.0630934658582998 5.8784915513625382 3.0691770815906509 5.6400211882953144 7.4273493518280365 1.2577834998549102 1.3290659277371115
 9.2387997572022353 8.5461591788161861 8.3493679097434406 6.2689931822471188 6.3920964434130152 5.024327777022652 3.9295622218057162 4.8685355583071219 8.0225645757314403 9.9189418748215754 6.1927844285072027 6.2891422162613146 8.3635372290365382 6.3253490210147687 0.31522481855132778 3.4890046977475535 0.77299668553509493 2.7513443014952572 0.59564015006559434 6.1608030697215845 0.46231850720098766 8.0533909491986382 3.5504208844994851 3.4792119374038615 1.3650623443140537 3.8220659602156855 0.44650532785896635 8.8631053568547653 9.0205874069965777 3.5632392247228846 1.9297205280363987 6.9081011176822882 4.2635706889450722 9.7796956835234479 4.2804774861604917 3.51099436467406 9.3873173517589308 7.7839913042850641 3.4498740424820089 0.90546181983551732 0.56187846110690987 6.7401990911323502 5.1276739838194718
 5.9829421023268416 8.1367289200938409 9.2534154456477289 7.2298617205621838 4.0217821222820067 6.3200314464406313 0.60059791385537453 8.363240711814834 3.3654221376420916 3.7347036849277044 3.7506239048058037 0.35268778778948895 1.905552398229748 6.8702378227463008 0.81383391163197083 3.3246698754952857 4.9940818131339153 6.6641340012758876 7.3761420678445111 1.081460639453881 4.5022641499600562 9.8005785150285991 4.3867736245529123 4.4050533231380893 7.3388269260678136 6.0934379521241633 8.8712625258566629 1.5907948601716453 5.6549769804548369 6.5980145959746075 3.6346656424575978 2.6183270554559717 6.3197935529762734 0.21447468536463443 3.3461444493259247 5.575109487427313 5.0218572627945655 9.4942978426482902 1.8660662116661637 2.5529018458886417 5.3053226607695443 5.9508716031911604 7.3910316769007247
 9.8323734989088116 4.8807434139406718 8.3631632555068336 6.2893345918115715 9.269733984861805 8.2221261005619297 4.3420992854357685 0.73755350190368874 1.8882738944306148 0.72363945907132954 7.846924758789477 4.4670140779278737 5.0013196192438727 1.7527456080858888 9.1711804790039331 7.9691727483822419 0.1053747436575041 9.463500919641195 0.65338523111429669 2.4739246962820465 4.9957243617900602 1.0690156084974627 3.2955815888972211 7.4229383870529286 6.6229869780603723 5.6377422800912278 3.7221530519062744 8.6495562123607286 5.8236256397386521 9.2716732935568444 7.2079916137520641 3.6810981497190083 7.8703068545246859 2.3109134794959578 7.8682374859047002 0.57342657838943145 1.9247288915951604 3.8582864152721892 2.4453359931921308 6.7097246472563024 4.1043901910006939 2.2680739017083611 9.3189787125917913
 1.752085169991386 3.3534058190149469 2.9145701357581237 2.3508084723149021 5.1765186505479228 7.6409162604450458 5.8006383251165614 6.556967957378026 3.7096323067818644 8.3751435812667498 1.9965727763459555 0.32643177927993805 4.252541079617326 3.0732121007647102 7.7713219655132448 8.0039283043501204 2.3815308810272002 1.8822677708244058 2.5730912134987811 7.2473371912293603 5.9682540279390235 7.4781254234057712 2.1761266691249874 6.364943307289364 0.73803148050705247 8.0226724858258063 8.560119741964872 7.0665985403641054 1.5452045971817747 8.9562396374115814 7.0403551627246568 1.8646848601100725 6.2798489525635972 6.7095537096906916 8.3161714539430438 4.1504481228615271 9.9506615694361837 4.636125480046128 5.9502533559580053 0.86473619315135353 8.6893507153706562 9.1680511821498225 9.9140718431395012
 2.9794987311533867 4.2644775420873007 3.0565542713389076 1.8949908448814927 8.6508390431006621 6.4865285077976198 9.4157910337668387 1.6989837848760407 3.1746066564331628 1.1935194110281349 5.5714087454333026 8.9719955697171443 6.7744438999137184 3.9380615441462337 6.6860774352358545 6.6039390420339563 6.7078433723479538 3.2218265031592659 9.1159133457724337 7.6470838431616954 6.8991175665154945 6.1961512232936364 0.37147768117683766 5.1927834595814604 4.4096299035157056 8.2613902148074345 4.3579196462483862 3.1650093519042737 9.0211096697389337 2.8694009396237004 5.0809611016358218 1.7454936133344061 4.0457099673880386 7.1375425678687705 6.9693404635134417 3.3549537316832629 9.153687841460858 0.8192514491148688 4.310622225866096 9.294751709407894 8.3938332219590208 6.5065612975400064 9.6283769494522673
