# Created by Octave 5.2.0, Fri Dec 17 17:26:23 2021 EET <alexandru@alexandru>
# name: A
# type: matrix
# rows: 38
# columns: 38
 1.8550640621088603 9.8523787177716269 6.7955097527440262 7.620331652194424 4.2139008763002153 8.9471906880505703 5.598413605342718 0.2898775226688115 3.1607213382127068 5.7829355035184111 9.4748953646228671 3.8766633158434867 6.6043960707971969 0.26909222673443467 4.6832210280734659 6.6307978089128881 1.1977284619650779 9.809093464468166 5.9797864854344116 9.3449194138979781 7.7615306902466283 3.8272465971802156 7.7123872883153801 7.7114508029051283 9.140932297012883 7.8600538694389819 8.9275797596436632 3.9674438410398167 6.2881295333224552 9.7815112457364144 8.0924688620183467 2.4809836278824644 6.5713309087801601 2.5909982714526518 7.2340768221680403 9.8543706061943688 9.2318259834847876 1.2821758627651265
 2.919403219406957 7.7187341228929292 2.4199444732761406 1.0726162541927258 1.6484726927062261 5.2329639021770937 0.43168074996907047 9.9851769191017059 4.9261932781453535 1.4123005719083142 5.7770177353685384 0.58119838510178923 5.0657222486359421 2.9816158198862368 9.2858806222569648 4.7926851339796466 5.6763524892450885 6.5976002339382545 3.9315167027179037 5.2979154802756936 6.8031965562177934 7.2212003428099711 6.9121770392615387 9.2148242531735818 2.5825961385321445 8.8543607864668523 3.457151913731304 1.6867073538954052 7.0363192746743497 8.3535015588327113 3.2924714049020491 2.6835088660213509 6.8734770137983858 0.16528878875801167 5.3665180257949725 1.3186572156645155 5.658190400191117 5.8736162841214945
 3.1872588696288444 4.0982748803123794 3.6595976834527484 1.8530614303087862 8.5608507971227414 4.7397359018559202 1.377210021717024 5.2426018477365757 2.0390964489388024 7.2026491021577392 9.8981083757661139 1.1894052071711441 3.7268352266174181 9.921604442989949 6.16435217614002 9.3000566944880152 0.51155528407764206 6.4427024733043972 0.73530308436843317 9.6040646032692187 9.6137543093019708 1.1497176922448686 9.8696721435955777 0.49839657741128351 2.4915241150312735 8.3337899177819956 8.2019628888432159 8.1797681205697454 6.8061735262249652 8.7944821004987919 3.0281882311490431 0.68389843390893534 2.7063067654443813 1.4578026431136952 5.1891953942234466 0.3303684479198814 7.7468159680210258 3.0449879733474501
 9.9985684408974702 7.6815164143774979 5.8661482317444671 4.6694577688336834 8.5603492600439779 8.6073687093239659 6.0439563664551379 3.6511981173626911 6.3440638814869548 4.2190269916473273 2.3843333604306909 1.3813275321428757 8.3873929050761546 3.6761707512835091 9.1617324561733469 4.1332806764709744 0.57856762632720149 7.0457106012399642 3.5231713424171369 9.0354873951820451 8.5730918115512171 0.90313965285343345 8.4169811189864241 2.795817604424899 7.0805603298710942 4.9400912254829423 2.2594760554755449 8.2080680558478925 4.0996936098399468 7.6499626712753921 1.6298212879131029 5.2387393822661101 6.0306754127469802 9.9410749683630986 4.6145693459938357 8.000921561190367 6.2167167539357919 5.0099655696871128
 5.9719659527901756 3.7380109928546719 9.5726943594625187 4.3566604011054615 4.6966991408697147 8.142073419431771 4.3116314573505408 5.905770574589706 2.0042769280792121 7.7159463883776427 0.2093179568174901 6.4946939183687844 5.6652869443785194 7.1596613129333075 0.7742085336252762 9.609158807083535 9.5708749703817553 4.4836198451908746 9.2450051758491973 0.10100259664567335 4.0167277595268853 6.3768094130542128 5.8302018231380748 9.5395013094706833 0.31793856482807015 6.0170967650115053 8.7590148327800659 8.9790461248707469 2.5124839288797336 2.8377230421960404 1.1261175859291532 4.392467009517504 0.073974148974801812 6.6071601553782493 6.0097756375731626 2.4432647784320043 2.390733387831034 0.47769254271154238
 9.9263444777721723 8.4744801312527667 2.8908132947797434 3.7155180290078076 4.3977064699128272 4.1598872684563553 4.8662586588132868 2.9037046967579432 3.56888727868707 2.9177358906845856 8.7867057204496373 7.9117829999094589 0.08435003406969277 9.9916799969629224 4.2577089046684886 1.7568457930709007 0.5280657653723535 9.6223874700323559 3.7252005515041549 0.064338633656622513 3.4000096134160458 4.5608862889696962 4.6374549054174459 6.2761254266964013 5.7718291023690362 4.6476304118422833 2.4966527910287821 0.67425375204178284 8.2130734802114507 7.5460477045808707 8.6589566510390128 3.6684971171723761 4.8219803013375433 0.73064773368561253 4.0297588471717178 6.6842801105239324 5.3073574804112393 1.7456302110995021
 9.0871972565698176 6.6742341137329113 2.1906626131708622 8.551136310382077 6.5752813108517412 6.3119387669109495 2.6943108899172947 0.99677695453797388 4.3959099639714578 7.2116185778797606 8.8935372579693492 4.4249390330730805 1.0574995283215609 5.6484074270075393 3.886078325961257 3.4328178236667366 7.1349367056350657 8.8601584144403223 6.1383442224101774 6.0305756898362812 3.0729903977488466 5.9313725373212272 9.2199145388779407 5.7040753354812699 0.62361352393749558 9.3644506532683351 5.9296735201145871 2.5723500781850399 3.903219504943896 9.0489831341787781 3.6252481145584841 7.7316673621555658 6.3681314060765359 5.5023838569407779 6.8737738785634486 4.3359746223101938 7.3146440680944922 9.5373838026658611
 5.1042166201402273 8.8183091081693004 0.52967011238267903 4.2201292366120011 5.7369494769610432 1.4415060567113218 5.946495518376266 5.9773601125277072 2.7949910028825871 5.6933518350399019 3.6368836402454612 8.5518474333298649 1.6444329154970379 2.0258352580117296 5.2574028014208682 4.8137743528694434 6.7973117020638671 1.6352787570887402 2.8583168905701122 5.8692712697916889 4.608902549541158 4.038117907493314 6.2393002535256556 7.9525118035407036 2.7218534997913197 8.1678983069129902 7.6822257562004772 2.0979167251758719 3.7190987281540928 6.1157804291726112 1.1977987097844982 0.28391113032873938 3.0863292910473854 1.810274404414332 7.6947788599288867 3.7423417488032347 9.1498555906328356 7.2006346807000776
 2.2866507654520336 0.21776370400268519 1.295516585152074 6.2884428140719359 1.7333988230477098 9.8499085086801017 3.0465373271406464 1.4929250414141952 9.3025199794525015 8.6285984632502295 9.5560901081234899 9.6042866960658113 4.4000546988193321 9.0288678391618546 0.75366529014850792 6.3436775602934343 9.1797512731373185 1.8768892185827641 5.1077807502794599 2.5052071297338903 8.9891431494525609 7.6658223410530644 1.6900457982791566 5.8147215055126802 3.3770901080226463 8.3697845765631236 2.291256265970711 0.27891833274825517 1.1506335087424917 1.2157547144664198 1.7886330233155774 4.8963502685769535 9.3268382608390876 8.7112023656981332 8.1281051093593071 4.7520237391510003 3.8276316248015525 9.6453412678062254
 5.4129864867629323 6.916467776191265 1.7094360069405163 8.9658503861690821 4.5997517543047053 0.66706022603217052 6.3326876726313595 3.8053861961706819 7.5511264706093773 8.9569536753898991 5.4565534220307663 1.6605954848768918 5.7811981412367297 5.4787102323148957 1.89446174462973 9.3869893323891809 0.55623338046562321 7.5415050491673981 3.946143216941282 2.2589340783545948 1.085262037180275 1.4427841166563886 0.11061754402216617 8.8143861645194566 9.4170346025610883 1.9146261663929613 8.865418995343413 1.7400412056133914 9.5704723424157514 5.9440722801171839 6.983466129307133 8.8932387166773648 1.6982928848173935 1.4276330086731477 7.0768711591605351 4.3591063740684781 7.3036704581852483 6.498549450710672
