# Created by Octave 5.2.0, Fri Dec 17 17:26:23 2021 EET <alexandru@alexandru>
# name: A
# type: matrix
# rows: 32
# columns: 32
 0.0093608404819549573 4.4361548390504648 6.0952017868877988 5.9460188565231817 0.93730123858330838 1.5860985082343753 2.3774243227713083 8.3234678206874637 3.9013988813616334 6.7447057706859672 4.4501619707226405 5.7768016154967983 0.6342127797243684 2.494175289233898 3.2903866499994767 9.1339117809462138 7.2845303650689166 1.2160465758086896 9.8843567500610252 4.164662087489102 1.8135197298079779 4.7121270678342411 2.1024040826964403 0.76789270269768051 9.8075220438889819 2.1293896196929802 3.508440993636031 9.68790544426097 3.0897861906321049 1.6404284378164373 1.0855500487306606 6.9820327635879007
 3.1747391347686542 5.8430993279589263 2.9276120219141184 1.2615943754258381 0.85805218658166527 7.4367193851680469 5.7574974454861971 4.5411206149116596 0.86342842875453618 1.3996623209716601 4.4558802115984912 7.939663306559761 5.6224628802240542 0.3313657101339389 5.9313071431021056 5.276267825937822 0.46643013112280296 1.1740827398077252 4.8389274647879024 0.52051452208407389 8.6319144277834248 2.2310225553912204 6.2947393406630017 5.1995161353417974 7.1927722318795251 3.171056218229606 4.231936566751207 0.78550265177235667 5.9055026000991298 7.309524443688816 1.9243211569396417 6.9840988505773947
 6.2506441708851295 5.2536001158871297 9.0827010941978301 8.0445766587279461 3.1390686490423341 5.7280628084381249 1.0493819597526359 0.1872780737134454 1.4210542662876295 8.9744042711859784 9.0357784066699107 7.0255425902740187 9.5271462558341806 2.8820633560056423 4.5511804197937309 9.0528470280312519 6.5345598009585091 3.5702041515240306 6.9298032450505529 0.60983524969943348 6.8224061905243936 2.6631896356199984 4.2887078657382451 2.2729057829634187 8.5457108041970269 4.1528770569998716 4.4313967474493756 0.34174648670777508 3.5568078528189089 6.6652655079843033 1.4121117887508654 6.9282848759046161
 0.7233524413571617 9.5277267760766406 3.0545516138741595 9.9850629792551953 2.0371854787711401 1.9681523274388875 6.5252652016963983 0.28658515268611673 8.4168330875819688 4.7418522171959196 1.4664208204506606 0.83580442246293174 8.1837209589618638 1.9340882720122337 2.5934281500447702 4.0903681568940522 8.10640369548649 7.5582851034658729 0.43668408288174909 6.8075599851348496 7.0231026587366276 8.1931408907046581 7.8946052551279911 2.0065240073280526 8.6796171861234512 8.6578107778387761 7.1453081552890012 9.0143587015422817 4.0149285971960733 3.0029442364392973 7.4262560308582524 9.2084490580608929
 9.8655406375288841 9.4213439738823972 9.7574252572478244 8.6324293794041473 9.9523473628877284 6.4318096530018707 5.3268551231696986 3.2423060826687693 3.8597526927984833 3.7726301583808612 8.5519427206071299 7.2251346468601181 9.9267971552855965 4.1970211047839472 8.3569389232192055 7.5112966327114359 0.84101226305463506 0.23233991509344731 2.9785616017968892 7.2630464442573706 0.5760164538190653 5.0603443806008315 2.296790706742549 8.335861625786853 4.9034698984006262 2.5644079604072805 7.2135136970592617 9.5594947249499533 7.055361259324787 8.473651927064509 1.8906158426429691 2.0427756490511388
 6.0309611442197344 9.5341427939660015 4.9957965896510172 4.7635614903866683 2.9875666304406252 4.7403526146542827 1.8555716409598348 5.194622867514056 9.4902351603374271 4.6054612657848821 1.6277843241713437 5.9445923885393146 9.8054213025181785 8.9493941958832064 8.1728913705839403 6.6699673892968283 6.0308943614864692 5.7034674337689903 2.1028396592613401 0.34735065795720321 3.3593456251806226 7.3396631222890383 2.5184739250474992 2.0706013644049985 4.266356503294265 5.9666553375544318 0.41346196236988808 3.0640369170066699 5.6804692321196972 5.8409418347838855 0.46355652485655918 3.2090272753373488
 6.6207635562597282 5.1195137676475388 6.9004867815355428 5.2855660611601616 7.4554282910660694 0.45049738999706257 4.7167675633294186 1.264623422156252 9.198447754304496 7.125533871647562 2.2721023934761937 0.2919273608184485 2.6294958365974637 3.6885873739198733 3.2590837402029931 6.366234432768799 1.1713623612496031 3.740767373306682 0.33774677144544119 9.9871654560983156 8.6933938183334476 5.3032516109992089 1.3402584940209743 0.47309816556500173 0.70754269642545431 0.63919922767045989 6.4181887309022247 9.656720584571886 9.5691486576583564 6.7897433867058812 5.2068661043305067 3.2076641327968596
 8.4686277182054361 5.1939919153210248 1.5320784358585087 4.7158786764783329 4.7653544912408758 2.6532271201782369 9.8620017383827037 8.8145154966201691 1.5852980137437407 1.1747966595043773 1.3429688894825524 9.9211503109817833 9.6743515930423456 7.9735611951111016 8.9847000819434246 2.7030312089365842 3.4849605922988842 3.0894080583745782 0.49829958290662102 1.8646237990202659 6.7220149209461777 6.7898268824511927 8.1885638773953637 3.8145657987441433 6.4592031962116838 6.4780758371245364 7.1680070131087259 0.79907629849303485 8.4311193449912292 1.6365483142376585 8.5874957318032354 1.6082515860859643
 4.9004856822071039 1.226645542442411 4.9956338281218695 7.797925283768631 3.4943723505334474 6.7140520212098611 4.7578036363890694 6.8392794544337656 9.4060508580506461 0.44199149678116934 3.3271510384257126 5.7057627109402054 0.53573572396264524 8.9469776334888849 9.7645514635564918 8.231117152052116 9.5740605042134721 0.79975633691248871 3.7155471429330484 6.3826398695193305 0.14974812719038932 5.8974937079636671 0.46707239827177771 8.4845967961219539 4.1517954634574545 8.3074814702644346 3.0071714574165527 9.7624067751446368 7.9102484035365954 6.0499283104217669 7.5316351565088677 5.8287842847537261
 7.1855933356822277 9.1472476457831746 8.4940555997315226 0.51735152234468496 0.16111863551417072 6.278752077452423 7.5752994664987083 9.4110858420943586 4.5444362658332036 8.3752795338206081 8.4492381834998511 5.4829425499810256 3.4214679798767373 8.6642903992926161 8.1496173394744424 9.2762968675889343 7.2708348492310524 1.2945352396274541 6.8742327366061815 8.810951930532454 1.4236483606771539 0.11868314066283681 3.1266909394384506 9.4523907895107833 6.9777989563061524 5.2888983408347388 8.755988472105031 7.0533314388501456 3.8581747147905037 3.2835495505262142 5.9980874946403944 4.7970168601705225
 9.6942269263229441 6.6615520228293059 5.3327309679312931 7.8223256940569392 5.18637001419612 7.8203586318515512 9.4730711533231666 6.7492715108708428 4.2587116963327762 7.6344649911857196 1.6789852890343222 4.504724438520566 1.9802772365025318 2.158738461128868 1.1472707420513277 5.3353340737381894 9.4248247652393804 3.1334197739934506 3.6744164501510164 6.8163923588534203 4.040637081842295 9.2340625612943903 2.8715834803997202 5.8082871842122872 6.6350334849201422 8.8566451193247904 4.3268562516690965 0.77080811425257401 8.7165833713388245 4.0338942716588484 6.5931689144560499 0.79480440754212167
 8.0797197827488212 7.7917728840884575 8.8089848231099239 2.6870081445823497 9.3454856534681099 4.9865415939543407 0.66377882937829247 6.1334791548255136 2.4310286477687386 6.5475812881416875 3.5202412318136704 1.8126266755961011 9.3979437738170457 4.0945971397788679 4.241352773153281 5.7955553957384165 4.486995003938997 8.738991511239508 1.9268002454181539 9.9410203554545955 2.7153058731703066 4.5733072610728707 7.5585893025051334 9.7433520548818784 3.9472910048298888 0.25522753708652357 3.5962637450411532 3.9731681808308412 7.247151764424828 4.7764615543667786 1.7463661277592286 8.4794244009006228
