# Created by Octave 5.2.0, Fri Dec 17 17:26:23 2021 EET <alexandru@alexandru>
# name: A
# type: matrix
# rows: 57
# columns: 57
 6.8113324341263244 8.780931670973505 3.7040745919692903 7.2999349240539724 5.1357613698151212 6.5176641938714051 1.128658204780834 2.8814003609085574 4.6991297079580594 3.9105664258042654 4.4234231203708925 1.2508988916080495 2.1541927418672309 1.1692995370076558 1.7649880610840314 7.5357620019105545 8.5876593733367095 9.962618604629057 3.4780334301079026 6.7846700436411425 5.0958777101507629 0.15293045723283982 4.0002494395685897 5.4779502999038021 1.9956704691180467 3.8292736490428743 3.1977197710102052 5.791410043758435 0.18280967766575107 6.7827903765613273 9.3154402209392391 8.4119734351471358 3.2338468315359354 9.1477792462847098 8.007148832214348 1.1932329757176767 8.0975819884864908 0.3473981580213974 4.1675076456815567 9.5735733092898823 3.7049799272436372 6.3592224388245819 2.2831430021914652 6.007754987301384 2.7181054431911074 5.3866209230095627 4.8520059553505499 2.7283655555146198 3.0889351793774429 5.8316987267282965 4.8390663834172356 0.7284230592213452 7.3385575222328656 7.4818255805565714 3.3912989422145863 1.400541076081065 2.6254881653830338
 5.0512867972856519 2.9611337566340885 2.9526055939452549 8.6543808386667447 7.0055556197993907 3.7586310873172795 8.3275664663612172 3.5327458984457123 0.44906408323017333 7.3485645967072237 6.7584743539367853 7.3854356543874102 7.2437857427751009 8.7207615815107999 1.3369543644846988 0.34211148870451558 7.8138258637846434 8.3040451220256912 2.4242710576233679 9.4488403529150489 3.0322368827528328 5.1809326543560363 5.4960743016163915 3.7445485770861335 7.6767861711652632 6.3996689218084093 3.1779163354225286 4.5697228388645303 3.5147828773583063 1.3029297966090496 8.2729379963712582 3.5887989569465377 6.8718871294846142 1.9866076778525894 2.6492178563670636 8.8150545745324607 9.4958678497727238 2.7648453358378795 8.518174755795517 3.8128031850864481 9.1467502900121218 7.2360014876309613 8.7849334708005653 8.1566905183759459 5.0714448030824908 1.8215742729339905 3.7842955120435389 9.7600432724198214 3.9434925260270544 7.151213802144917 3.9902212903882712 9.3557658767658456 8.0899939310608229 5.1114468025384943 1.2952632305188456 0.055628817142607145 6.2505773059578225
 6.149599253124026 8.748242630932582 6.0315252140721674 2.3489889927863223 9.3509147745358341 2.9659896430988759 6.3512082541349324 1.7622132199101266 7.2587978528407371 7.0680402957273198 9.8587567781371703 2.7590987288210793 9.7222576797222331 8.9255057486253992 3.666914790615647 7.0743607852028951 1.7202338886954598 1.4581795057060147 5.933324046709946 0.99070121966521474 2.0180398931611081 0.050369002857780121 4.5048313918093159 3.7796352587947486 3.2128348095828647 6.8639106187114249 9.792624388919883 7.0216648875037322 8.4495077177896949 5.5681779985665223 5.4991128983616919 5.0998748744012188 6.0847488178353508 4.4532060066995021 0.69644421986862759 5.9463814380935656 8.7275400731366375 0.92252330174868602 9.1871058179741016 7.1358942433129089 8.0507018340562819 5.5044524693425592 4.4699712112295629 0.43325896640284123 8.7392910175482186 6.2521800287372731 7.511353532020987 2.0794336637414061 2.355201566961203 0.52750278366788961 4.8786732467364864 9.569108694835597 7.1242546136144522 5.2053832420276205 0.69172225015880207 6.2321799425324134 3.9932135262005315
 6.1191314724525032 6.5792949634052169 7.9026425921605679 7.7434127622065887 5.7056187844520165 2.5678627074170364 5.7750193377523527 7.8451422770796286 2.5433758632299335 5.9932240494256028 8.1867412451817678 8.7890273003555777 4.5183808454276377 9.6586991004759692 6.4744211085362648 0.20940751787334055 0.46680998603320911 1.4518536919337017 0.19390773290081365 7.2918825180989275 0.048961399164886732 2.520086102463504 2.6876799346647067 4.7797694982550816 8.4737774059602238 1.4251490693029529 8.9354119431161045 0.77361463438396716 0.25553497149626225 0.32646174194170752 1.5510763583071756 0.3241000731082615 4.202164552775673 7.631818650545652 7.6640038544656726 1.5092301915423483 5.3107535073233327 0.68801489825065443 6.7076887742552724 2.4356032043572222 2.8319977294435734 6.761502581701059 8.1198182100634799 1.9216413521121019 2.4549907938162878 6.9810022330206607 4.1561115600120617 3.0423688210579232 1.0394257445790482 7.9808391745690006 5.639244713535188 5.4607105493154862 5.9602156352102851 9.2862354606681237 4.65022418186199 0.10331109742977951 9.3365654801775797
 3.7330768763752737 0.49473417875824199 6.4723112551442004 5.3864808760579468 1.0007724833056102 1.2271326885276894 5.6533310245411217 3.2303763938706105 9.3284565564185034 2.6420110085457011 6.8963148200155544 2.4135620507102189 5.3666530160901775 7.5990967841171964 8.144188314291803 7.0888914119460225 5.2605549382603298 8.0723232472867554 8.5975432491232535 4.6994452813550005 8.4821522897800889 1.1048473379287853 3.1310935192812313 5.4111999510858393 8.814488595231758 0.75380698622377329 5.1579553173939132 8.8272388785394131 9.6768712400827273 1.7364571170122005 0.86082214179032768 8.1439281013951401 8.245154496924382 0.98539723794936407 1.629233669455032 0.61132954870665435 6.9536575118823407 4.8858598694731246 4.8298149206981451 1.4055146062251738 6.1772592276730309 4.0190695574570698 3.3632598865893377 7.1602689870738221 3.185147415449407 6.6719596205427942 3.9578390105567078 7.8957893439259221 2.0386098061964115 4.8630784059336456 7.3661380655405981 5.4766149408125306 3.2630731731584479 4.7482807945250691 3.8996566067600376 4.5987530593706598 7.1327101182131436
 2.9219489069550071 1.1599852507038915 6.0508172775542306 7.9071996203636754 6.677561391924062 8.2787348860076335 0.85608585154434858 1.6425074005837565 3.8511255624860858 0.54577204634910714 9.8987654961835929 2.586162816994479 5.0213527177352235 0.62991061668656134 4.7210638622359653 2.9666504727000058 9.7514772935499767 6.7966409237140777 9.4774034630703223 5.3966573415587078 0.43899793357690275 7.6844603948873633 8.0064633394967846 0.58251477436255072 5.3621271700828519 0.13725238764150816 6.2243086721255567 9.7295580476417349 2.0130102494726461 1.1227406482686146 9.1259269944646544 7.5011940563816735 2.5934909596443227 1.9955419049065899 0.5232808150307493 8.7316475169983345 2.7766028939509364 6.6510880363881952 6.2791191685179824 8.1105231172440515 8.5874988716878615 4.4868282166814062 5.6005871159875724 1.8697738800645873 4.1718300555163239 2.6494116633554938 1.6678752937613623 3.6374528843168257 9.5232917082198778 4.3239630044318247 5.3323407677899395 9.7145091470940024 3.7892856697783199 4.3694505241495909 0.31155007310198979 1.1353157339077939 9.8625598258237961
 7.9738608696059687 3.0184625045557207 8.5709304013820624 9.0047674328838241 5.4953436466901557 1.2579495806806866 4.2674048516703573 1.8508562890398457 9.6277820190115584 6.2067731864016551 7.8575674739499402 7.8705257198648635 6.7994888954078645 6.8191132099674707 7.9596083273305895 3.3167617553397717 5.2024810052577832 3.2754670622352138 8.6623468365868135 2.9001797170838932 7.6701440348811065 4.4265791005101516 5.4746543848355342 3.5388386575654223 9.5343306496159332 9.925919947563111 6.16166189174632 9.9156297437274397 5.6021605222485595 9.1008752522937737 0.039518229597362176 5.7599163826826372 0.63600657096711855 0.34661416213582141 5.0532404209658335 5.6585205562611893 5.154973231068495 4.6586700047339873 2.5581766721692829 0.093482577324633276 5.543672338617295 8.2318578211108839 4.449794828573677 2.6419840292234236 5.2856094367917077 9.4661010362340399 9.3516121040505524 3.2209355587652104 5.7798637566724853 1.1431787072544324 6.7864281858420714 6.3963508366005017 5.7032365552420075 5.1172771146427269 5.7548438251917382 6.1209082455764365 0.63627956971707134
