# Created by Octave 5.2.0, Fri Dec 17 19:55:59 2021 EET <alexandru@alexandru>
# name: elapsed_time
# type: matrix
# rows: 4
# columns: 50
 0.0032219886779785156 0.0029909610748291016 0.0063428878784179688 0.0065951347351074219 0.0087981224060058594 0.0099132061004638672 0.014855861663818359 0.017102956771850586 0.016656160354614258 0.02231597900390625 0.03788304328918457 0.048141002655029297 0.067413091659545898 0.055982112884521484 0.090826034545898438 0.074987888336181641 0.082275867462158203 0.094759941101074219 0.089035987854003906 0.089154958724975586 0.10596799850463867 0.11171603202819824 0.11284804344177246 0.14387106895446777 0.13355398178100586 0.13768982887268066 0.13191914558410645 0.1399528980255127 0.13966894149780273 0.15774917602539062 0.43436288833618164 0.44633793830871582 0.31472301483154297 0.30223178863525391 0.29590797424316406 0.43299984931945801 0.48967480659484863 0.34757614135742188 0.37186598777770996 0.37835097312927246 0.24242401123046875 0.26412796974182129 0.37337708473205566 0.22655200958251953 0.24785995483398438 0.4017488956451416 0.28151917457580566 0.3880000114440918 0.40260601043701172 0.24509978294372559
 0.0038659572601318359 0.0032241344451904297 0.0068039894104003906 0.0075838565826416016 0.010190010070800781 0.012367963790893555 0.016833066940307617 0.018251895904541016 0.019535064697265625 0.025816917419433594 0.048960208892822266 0.043897867202758789 0.039968967437744141 0.044672012329101562 0.049957990646362305 0.092416048049926758 0.096977949142456055 0.10563898086547852 0.10903501510620117 0.1064140796661377 0.13011002540588379 0.13533306121826172 0.1292579174041748 0.15818095207214355 0.1547548770904541 0.16845917701721191 0.19072389602661133 0.19162178039550781 0.18681001663208008 0.19150590896606445 0.54156994819641113 0.54503798484802246 0.38606595993041992 0.39783000946044922 0.38488602638244629 0.53586196899414062 0.59970903396606445 0.43521308898925781 0.47032690048217773 0.48615097999572754 0.32316994667053223 0.34851908683776855 0.47113513946533203 0.30918288230895996 0.33049392700195312 0.50116515159606934 0.36909294128417969 0.49866986274719238 0.50098109245300293 0.33232498168945312
 0.0011689662933349609 0.00095415115356445312 0.0014789104461669922 0.00162506103515625 0.0020389556884765625 0.0031979084014892578 0.0039699077606201172 0.0046601295471191406 0.0051848888397216797 0.0074298381805419922 0.011134147644042969 0.014214992523193359 0.013303995132446289 0.12022495269775391 0.074954032897949219 0.083616971969604492 0.084949016571044922 0.032914161682128906 0.044350147247314453 0.096901893615722656 0.08903193473815918 0.098667144775390625 0.18508315086364746 0.11130309104919434 0.10646605491638184 0.12087702751159668 0.11397790908813477 0.12372899055480957 0.13600707054138184 0.21224188804626465 0.76526093482971191 0.84760212898254395 0.45967698097229004 0.49340200424194336 0.47265982627868652 0.87942004203796387 1.0101380348205566 0.63237714767456055 0.75022006034851074 0.80810809135437012 0.28969001770019531 0.36823296546936035 0.73487210273742676 0.26797080039978027 0.35173702239990234 0.78159093856811523 0.42311906814575195 0.77884888648986816 0.87654805183410645 0.35949087142944336
 0.00033593177795410156 0.00028204917907714844 0.00043582916259765625 0.0003910064697265625 0.00047612190246582031 0.00061106681823730469 0.00065588951110839844 0.0006389617919921875 0.00066208839416503906 0.0012907981872558594 0.0012910366058349609 0.0015430450439453125 0.0016210079193115234 0.0016369819641113281 0.0019052028656005859 0.050806999206542969 0.050145149230957031 0.0024080276489257812 0.013404130935668945 0.037252902984619141 0.038498163223266602 0.02844691276550293 0.036957025527954102 0.064028024673461914 0.050440073013305664 0.0087780952453613281 0.038212060928344727 0.040266036987304688 0.015893936157226562 0.0038177967071533203 0.0091941356658935547 0.030786037445068359 0.0048809051513671875 0.018620014190673828 0.040587186813354492 0.011452198028564453 0.0061700344085693359 0.042170047760009766 0.0052139759063720703 0.012591123580932617 0.031876802444458008 0.04604792594909668 0.018159151077270508 0.045437097549438477 0.042909145355224609 0.025716066360473633 0.040709018707275391 0.038897991180419922 0.059240818023681641 0.1052558422088623


