207 207
69.711245 50.768501 54.396896 52.610925 50.298631 58.329601 54.609153 55.173711 49.963079 51.356702 54.418305 50.107430 52.336875 49.181146 54.318394 48.165170 53.765667 48.369583 53.316323 51.949925 51.870221 53.584477 47.565814 52.456764 51.630001 50.564633 53.909668 55.321754 48.942404 47.635096 56.162892 51.743797 52.881428 50.633104 49.681734 53.507068 45.630874 54.909635 54.249129 53.368276 50.962372 49.843362 50.804552 52.427675 49.919113 59.872352 55.060409 49.360785 52.853682 52.974146 51.720630 53.645940 52.074268 53.915937 53.643155 50.072442 50.219732 54.753879 52.388290 52.577422 50.731020 54.067817 53.318421 51.174815 53.916203 49.232531 49.180717 50.333669 49.413623 55.803906 52.534444 49.922113 52.711325 52.192935 53.351479 49.504624 59.737624 55.578832 50.841084 53.760321 48.618698 50.952342 55.492700 48.970028 53.778226 56.638795 54.209615 51.965269 51.938979 52.460644 52.505872 54.041833 55.032585 51.510320 56.471116 54.825291 54.591905 49.239924 51.419929 53.243050 50.381909 50.446420 49.335150 50.067881 51.895997 51.362491 51.542411 54.973165 54.671801 52.451510 52.177217 51.701439 54.137552 53.049322 52.694734 50.789121 51.843454 51.615424 53.359863 50.658673 53.346421 56.461997 55.033757 51.737236 49.601923 50.294566 52.654785 56.799128 50.942072 51.919879 51.385483 53.592329 50.602014 51.832987 55.202706 47.314127 49.943861 51.879921 51.461098 52.012215 46.739491 55.953853 48.448582 51.551757 52.765861 52.905390 51.878043 52.467454 51.832825 54.019747 53.698781 58.977746 49.597686 51.262640 52.374818 51.831713 47.378591 53.325544 54.760752 48.274853 50.863171 53.741818 55.259884 48.875597 52.812033 52.267656 51.367752 53.706338 53.443557 51.467327 52.193572 49.659256 53.985542 48.611905 52.780353 55.338265 53.974548 53.819600 51.107723 54.977732 50.562727 49.413793 52.833014 49.327203 50.554239 56.665239 52.254269 50.302682 50.148224 51.476555 54.964690 54.735288 52.907252 49.589624 49.826163 54.582509 52.007464 51.758846 54.498306 54.207849 54.040639 52.834010 54.251877 53.236196 52.978651 57.967069 55.034580
50.768501 65.749489 49.908290 47.605109 45.329406 54.438647 50.109625 51.020574 46.862453 47.530118 48.086083 45.015175 47.619356 46.482374 50.497720 46.995451 49.792480 47.110453 50.301379 50.173394 47.154903 48.867745 45.711409 50.760914 49.675015 48.023612 51.635797 50.976912 45.262210 45.255706 49.358980 50.896318 49.754149 46.593534 45.935692 49.310827 41.767187 51.832030 52.357340 51.399759 46.736150 49.788685 48.044687 47.877081 48.414490 53.061877 49.436045 47.817718 48.893339 50.154637 48.585977 49.865164 47.430664 49.254422 49.702729 47.622809 47.338742 48.910296 47.911156 46.308191 47.197561 49.162654 49.313300 44.627443 50.085539 46.723356 48.531712 48.412175 45.839946 52.063938 49.776354 49.850620 49.895180 48.168728 50.726042 47.098589 53.444903 51.902415 46.236862 52.525563 43.951986 48.688462 50.402617 50.079968 50.087488 52.482697 51.608264 49.446353 47.353575 51.840470 51.374713 48.620675 50.756223 49.114278 53.321553 51.680921 48.080793 46.887203 47.815489 49.215673 46.244785 49.236942 45.459390 46.247801 47.147529 49.458398 47.956621 50.127046 49.880592 49.633337 48.630964 50.469359 47.885427 50.063703 47.304596 49.218944 48.096494 48.170994 48.709025 48.417432 53.455199 54.577882 54.781036 48.826493 46.324065 51.062635 51.653792 51.305716 48.523611 48.311533 49.499541 49.994198 46.481210 47.796525 51.981838 44.745852 47.093849 52.118434 46.820418 50.026464 46.720194 52.223705 46.769694 47.118285 51.912718 47.792550 48.279657 46.327874 51.135748 49.192560 49.965339 54.993350 49.060268 49.152921 45.979325 47.895089 46.432690 50.172163 50.262646 45.619511 46.396999 51.577137 53.747239 46.892445 49.700147 47.619176 49.318367 50.113230 50.581287 46.964585 48.717896 44.649458 50.402271 45.717505 49.853967 49.771759 50.791285 49.992250 49.197263 53.055946 48.185265 47.647089 47.900254 46.254764 47.874057 50.458120 51.287164 47.534643 47.600097 51.046577 52.523504 51.223990 48.637780 50.198146 46.918829 50.624660 49.004655 47.362499 49.696712 47.031084 52.016791 50.058437 50.711778 49.789929 49.016828 52.053367 51.804758
54.396896 49.908290 70.478638 49.997449 50.335970 58.457446 54.149357 54.583442 50.244651 51.047863 53.911706 48.502169 50.110246 51.087365 52.658633 47.472885 52.301168 48.728265 52.223229 51.627635 49.815381 52.163628 48.205534 52.479538 49.553876 49.816669 53.631772 54.219555 50.971642 48.643726 53.125790 52.642980 53.184756 50.733276 49.723744 53.571740 47.389832 57.189412 53.193108 54.055130 50.884127 51.184536 52.076161 52.930728 50.937603 57.392103 51.899950 50.998527 50.975229 52.369470 50.774982 52.681191 51.223784 53.875707 52.711670 50.065218 47.853742 53.078499 53.391179 49.171332 49.789444 52.804680 53.753984 48.573133 53.738612 49.407495 51.651421 50.291149 50.099718 57.014711 52.667210 50.499565 53.180520 50.985868 52.369536 50.948837 59.132898 54.415746 47.883633 54.301281 47.613244 50.425542 54.964568 51.324487 53.443883 55.700655 54.669820 51.468843 49.466997 55.252057 52.105337 52.760196 53.603352 49.727725 56.893408 52.706476 52.117682 51.422579 52.606292 53.139743 51.724148 50.341582 49.820870 51.104066 49.665782 53.330904 51.868211 53.583610 52.095172 51.470902 52.657047 50.978320 52.536363 51.542411 50.998992 52.391963 48.781537 50.519717 52.361629 50.978717 53.873135 56.043758 56.379339 51.905606 50.702566 50.304167 52.348451 51.611224 50.061671 49.678868 52.870765 51.820045 50.503055 51.654401 53.485564 50.705829 49.494008 54.924592 50.789867 53.935133 50.084753 57.901330 49.666262 50.078459 53.928599 51.673360 53.210058 52.988259 51.715759 54.033123 54.621175 58.293450 50.253384 51.411656 52.566905 54.500963 46.971161 53.087668 54.449844 46.583631 49.745000 55.641566 57.140261 49.973064 54.792632 51.728801 52.921192 53.370480 55.023730 53.254256 51.896056 49.391869 52.024996 49.276785 53.959728 51.918687 54.452590 52.508404 52.635586 56.663973 49.689667 51.258990 53.109145 52.381295 49.299166 55.616467 52.793278 49.805670 49.011423 52.560990 54.239263 55.687058 50.530423 51.103286 52.090479 55.101475 50.683510 50.886522 53.103056 54.422836 52.424626 51.922074 52.053653 55.330340 52.605563 56.558014 54.238153
52.610925 47.605109 49.997449 65.798039 49.222884 55.013091 50.243974 52.163110 50.208084 46.758908 53.001064 48.644633 47.108849 47.510765 52.535782 48.243245 48.023287 44.742916 51.411627 51.326366 49.235602 53.702534 44.369555 51.729306 48.752115 51.168704 52.201750 52.554353 47.682250 46.317480 51.338805 51.582906 50.842204 49.832987 48.718627 52.589195 46.003638 53.762213 50.896630 51.209884 49.616051 48.292409 49.461596 49.819492 50.935968 57.327216 50.712809 46.299037 51.711634 51.047823 48.726390 53.626045 50.245239 51.408909 50.558156 45.478610 48.169305 51.009650 47.428318 49.928054 47.682390 50.450181 53.383966 47.343934 52.481210 47.369023 50.261937 47.581722 47.283925 52.452850 50.304322 49.932340 50.037572 51.505513 49.202434 45.712037 56.494595 51.150409 47.641614 50.368320 47.283202 50.196982 51.166248 50.250768 52.581831 54.209544 53.041452 51.445078 49.649912 52.351465 50.757859 53.091803 49.771107 50.009446 52.163656 53.566006 51.248130 48.653525 49.483135 51.780048 47.954525 50.108726 48.615910 48.169276 50.185212 51.600444 50.771970 53.256931 50.908838 52.151042 50.492521 47.671575 50.499504 51.566959 51.808336 49.823527 49.079099 48.967050 49.986297 51.932422 51.375901 54.487050 54.969443 51.592411 45.956625 49.433987 50.807351 54.235032 47.159647 48.092746 50.953430 50.711890 47.289934 51.036848 51.710717 48.263042 48.382629 52.413690 49.089819 50.314896 48.033878 50.516265 47.785372 46.219308 49.943318 49.272781 47.989907 51.171890 47.278121 51.662523 50.878683 55.951761 48.360789 48.679624 50.223792 49.597160 44.599074 50.244978 50.824426 44.620934 49.366870 50.683247 52.210723 48.395570 51.810540 47.931201 47.596757 51.324918 51.701929 51.724167 49.519671 47.555922 51.242313 49.081858 50.963331 51.304920 53.593627 49.765738 51.598890 51.218825 46.597018 49.916172 50.999025 50.805378 48.377409 52.142893 49.412231 47.296606 46.488586 51.442647 51.582419 54.677775 50.582405 49.601853 48.888374 53.359479 51.167779 50.275798 53.799785 51.681931 52.503205 48.973269 51.959182 51.209898 50.543192 54.277534 52.254626
50.298631 45.329406 50.335970 49.222884 67.234914 54.017768 51.035475 51.194751 47.272665 46.940743 51.995969 49.624697 46.547017 45.047942 48.652207 44.506330 51.063714 47.714381 52.761888 49.815582 48.920879 51.675940 42.873744 49.552953 47.337540 48.744243 50.793558 49.717988 51.554192 47.527610 50.337092 50.745725 49.674692 48.590936 46.386793 53.932705 47.674549 54.101054 50.135230 50.946432 49.327224 45.358412 48.499660 48.446637 49.678751 53.458250 51.841737 48.481851 50.257408 50.615295 50.262617 53.175303 49.259831 49.940100 51.339446 46.674221 46.919229 51.992729 48.045418 48.947377 47.437579 49.197965 50.888177 47.195097 53.523620 46.010727 47.221366 47.733054 45.109956 52.480793 47.463319 48.686027 50.150133 48.652358 51.404822 44.576500 54.625706 47.888371 47.620725 52.090463 44.992269 47.912941 49.506230 49.554746 50.695567 50.564132 53.518894 51.261578 47.553308 52.201317 49.139389 50.475349 53.746859 50.201852 55.003990 51.706674 49.304263 49.302251 46.842921 49.599325 48.864429 50.392822 46.833814 48.968863 46.977374 50.422304 48.073682 53.513432 47.983263 48.777139 48.693966 51.024508 50.834507 48.794742 49.314782 50.123920 47.818953 49.888774 48.222093 50.479454 50.961996 51.122257 56.221341 47.902435 46.499756 48.803000 48.881768 52.461573 50.413331 50.253888 49.478447 48.963864 48.672457 48.332083 52.547489 44.255311 46.719647 51.302534 48.178730 48.043435 47.780724 52.216280 47.957385 49.209980 51.833471 46.081652 47.896434 48.623672 47.037572 52.422349 50.789387 56.154144 47.905342 49.751858 52.518463 52.471136 42.331990 52.416630 49.506939 45.632702 46.438585 50.719498 54.644965 46.921172 48.660445 45.937079 49.130519 49.718882 50.138782 50.511962 49.895819 45.181707 47.955953 46.794700 50.356939 49.860737 52.563802 52.803933 48.958620 51.183189 46.565736 49.316183 49.527700 51.126995 48.519596 51.392287 47.940890 49.718050 48.686681 48.941735 49.343528 52.653732 49.405100 47.836730 48.814331 52.197863 48.758015 49.188926 50.692160 53.250908 51.143689 48.933143 50.558161 50.342378 52.605579 53.263220 52.536061
58.329601 54.438647 58.457446 55.013091 54.017768 80.893137 60.487030 61.047675 54.851913 55.908051 58.324372 52.800879 53.128624 56.184055 58.872377 51.740532 57.268419 53.170722 58.718903 55.407337 55.141632 58.385632 49.749769 58.614788 55.679046 55.507144 60.857875 57.344296 55.475985 52.865989 59.971136 56.002199 58.469856 52.875942 53.993381 60.032689 51.694045 60.215695 58.131939 58.016137 54.606169 54.023338 56.376771 55.973711 55.140251 63.445515 59.372681 55.217576 57.654700 59.223825 57.391586 59.555233 56.093687 58.918308 57.708667 54.644373 54.116390 56.674309 55.409245 56.934552 52.347535 55.908811 56.791853 52.110468 58.982299 53.126530 57.574493 57.704283 56.386455 60.765458 56.513819 59.091691 59.322617 56.005891 55.711600 55.012066 62.626870 58.297007 53.585655 58.405429 51.779298 55.586826 60.756570 54.506823 56.771455 60.702314 60.040399 56.595080 54.919633 59.192178 55.898738 56.132283 59.309755 56.654303 59.775609 59.605593 58.654866 53.356729 56.847472 57.464746 54.385551 58.819198 52.825040 54.909396 55.265069 58.573152 57.900266 60.397150 57.963013 55.969248 55.461595 55.421669 58.562002 58.179686 58.763096 58.005647 53.955951 55.490669 55.380000 57.398803 59.531795 61.913711 63.572681 57.148734 54.543148 57.651679 56.624298 60.781426 55.477332 55.819542 54.073889 57.286719 55.135252 54.750439 57.302131 53.470490 55.396618 58.941787 55.516584 56.639545 54.787251 60.013870 54.020381 53.902145 61.750303 54.460013 56.875572 54.920647 55.771852 57.203467 57.690238 60.686383 55.148562 56.345196 55.532433 58.553584 52.634026 56.972775 55.407502 52.872812 55.229732 58.341481 60.887228 55.592305 59.237693 54.147347 57.514946 56.440022 58.051976 54.740598 56.158076 55.968373 58.412764 54.432556 57.800207 57.994860 57.864782 58.591974 56.820817 59.800686 52.904656 55.094368 57.197954 57.517758 55.137397 60.081646 56.882645 55.307782 56.084778 57.580151 60.878531 61.759852 57.633555 53.532379 55.184837 59.675626 59.130779 55.017998 55.842175 55.718089 60.322232 55.235469 57.918558 58.646296 57.991469 61.406694 59.733693
54.609153 50.109625 54.149357 50.243974 51.035475 60.487030 69.558430 56.809616 52.600570 50.834893 56.226576 47.272758 50.986091 51.359593 53.703882 48.665683 53.936813 47.850327 55.301003 52.241744 51.724520 53.856502 49.645483 54.725423 52.468128 51.341801 55.229123 55.431416 51.503476 50.455811 55.284223 52.084771 52.521584 50.947446 49.844298 54.378300 49.702143 57.461079 54.502989 55.501557 53.882970 49.057389 52.273148 52.811236 51.126737 59.293330 56.567423 50.630333 53.055300 53.948810 53.096384 54.698468 53.888405 55.729406 53.441152 50.042998 52.747893 55.321275 53.058628 51.950555 51.418439 52.434174 54.922243 49.669344 54.960822 51.039226 51.401952 52.699881 50.398316 54.728434 51.823006 53.491864 54.633757 51.789402 51.935457 50.268620 58.455399 56.694528 50.438330 53.979372 48.935815 51.617429 56.095565 51.256606 53.982517 58.115440 56.067091 53.476565 50.087862 54.838006 53.162975 52.798292 54.803600 54.756051 56.023737 54.002125 54.514832 50.259867 52.875409 54.905767 51.948748 53.933853 51.630148 50.681623 50.022169 52.306182 52.658980 54.487597 53.373887 52.980822 54.038076 52.893872 57.756888 51.481257 53.567656 54.037040 51.885243 50.952486 52.646422 52.288031 53.816422 56.715186 58.755936 53.989448 50.817243 51.561391 53.653612 55.583633 51.087357 51.507109 52.663607 54.916406 52.132964 51.470530 54.719178 49.674750 50.363862 55.086905 53.072720 53.447119 51.713967 54.242293 51.446266 53.416767 54.969811 53.025492 52.909381 52.406609 50.107448 54.224433 56.307611 57.237880 50.913653 52.097095 50.993088 50.900587 47.803670 55.012624 53.551906 49.967391 52.110119 55.671814 56.822938 54.035059 52.563394 51.496929 53.548449 56.591742 55.313170 51.390241 54.031820 51.010971 52.640861 50.412423 55.213931 52.681384 55.271973 55.498993 53.538185 55.656847 49.911314 51.669300 54.970780 51.959856 52.404616 53.997229 53.351957 50.664441 52.030914 53.157952 55.697776 53.587325 52.154738 52.849274 52.293037 56.729865 53.189167 51.826166 56.211172 53.348690 56.218765 50.775194 54.941801 53.299633 54.584739 58.074348 56.204918
55.173711 51.020574 54.583442 52.163110 51.194751 61.047675 56.809616 73.612441 52.855890 53.694581 58.070905 50.701718 50.608450 52.245758 55.339199 50.565868 50.688518 49.283158 56.743994 52.667651 52.136472 58.039156 48.655324 54.793707 51.838638 52.677259 57.353625 56.352732 53.232519 49.677589 54.871941 51.672620 54.097794 49.728263 52.548870 57.143663 49.796313 57.303212 54.125096 56.553558 52.691859 52.865174 53.354928 52.725864 52.146173 61.370184 56.297059 53.109406 55.181907 55.270629 53.527384 54.640933 55.598990 54.252015 53.015730 48.786697 52.453021 54.759396 53.372005 54.730345 53.141228 52.684071 58.115647 49.183263 55.272333 50.022261 54.937062 53.344812 51.225586 60.249209 51.567608 54.649427 55.021620 52.403438 55.904740 52.697002 59.587224 55.358819 53.034352 54.769395 50.468980 52.182860 53.540142 52.965517 55.937607 57.440745 55.113518 55.208901 51.369168 56.497064 54.642719 54.803735 54.944721 54.730361 56.607777 54.603829 53.241843 50.395772 53.263017 53.769294 51.429045 55.450803 53.542091 52.678785 51.093869 54.148494 54.245338 55.055067 55.639262 52.273663 52.731162 52.286573 55.450009 56.026669 55.911584 54.440832 53.272154 52.270747 52.059804 54.505124 57.100869 59.743325 57.587616 54.416451 49.483826 52.231033 53.574235 56.720398 52.749382 52.272762 53.543735 55.140059 50.197104 51.852450 55.796227 47.023774 51.278350 57.066631 54.388875 54.659823 53.126570 57.408962 52.228120 52.360553 58.253749 53.346956 54.269973 51.421046 53.898657 55.661362 55.375399 60.716215 51.906310 53.944427 54.666234 52.944031 49.501054 54.042439 54.371833 47.866184 53.979116 56.112126 58.675527 51.418033 55.028646 52.820592 54.758091 54.872210 55.182741 55.219849 55.372280 51.960277 54.361307 50.666880 54.437731 52.370135 57.341830 55.627123 54.800701 56.567985 50.642184 51.843066 55.703025 53.757497 51.853554 56.795356 54.139738 51.712444 52.407804 52.193094 57.776103 57.288011 54.536670 52.071227 52.658072 56.391180 55.473666 52.383269 55.481982 53.546920 55.625678 53.853674 56.626102 54.832168 54.217403 57.468202 54.304658
49.963079 46.862453 50.244651 50.208084 47.272665 54.851913 52.600570 52.855890 65.566651 47.886165 51.488035 48.032120 45.554263 48.843888 52.986822 48.417742 49.057292 49.084767 50.480380 48.972726 45.920613 51.633153 45.792684 50.453046 48.122496 48.296907 51.352981 51.843691 48.578325 47.418586 51.581276 49.912268 49.078045 50.373012 47.602844 52.000204 46.659950 54.117091 51.209183 52.650402 48.142036 47.408051 47.515156 47.282390 49.183619 55.111376 52.979765 47.814001 51.969170 49.149808 51.124951 52.649322 47.340752 50.049667 51.151792 46.316517 49.486121 49.558653 50.941652 47.041635 46.510732 52.411094 52.014246 47.607613 53.696459 47.036806 48.854480 49.321510 45.560437 53.086930 48.672527 48.933456 49.999487 47.890849 51.435426 46.811542 54.661253 51.485401 46.957856 51.818549 47.562538 48.678674 51.895857 49.629361 52.068275 53.112347 50.475788 49.995261 48.924046 52.568715 49.885120 50.329358 50.496141 50.062651 54.783513 51.393722 50.039076 48.160844 46.297878 52.049089 48.434934 51.236489 49.785076 46.731456 47.087867 50.391199 50.762057 50.948495 49.951691 48.610787 48.232005 48.709628 50.309948 49.377319 50.925056 52.025862 48.873484 46.831846 50.122251 51.703378 52.264980 52.445020 55.400565 50.715463 48.259554 48.073630 50.216153 49.516007 46.965453 47.379728 49.910443 49.010183 47.062916 48.452013 48.393619 46.635140 46.150607 53.193642 48.811332 51.629522 46.658926 54.943957 46.706846 46.670689 52.087955 48.492988 47.666139 48.769176 49.573297 51.173984 52.323452 55.493456 49.660377 49.710564 47.892030 49.578510 46.775436 50.136809 50.669486 46.045292 49.205019 51.209619 52.468546 48.215597 49.089395 50.009797 50.269180 50.985829 52.808784 50.499755 52.437994 49.420831 51.204047 46.680424 50.809901 50.404405 50.169369 51.817935 49.281078 51.214895 44.602717 49.522414 51.786746 48.742786 48.298195 54.127932 50.229680 48.749209 46.812259 48.766476 50.988649 53.422123 50.079577 47.292452 48.696524 50.718995 50.429876 50.168624 53.998928 52.096280 51.342336 48.230817 50.799556 52.270940 47.770726 55.889952 51.287070
51.356702 47.530118 51.047863 46.758908 46.940743 55.908051 50.834893 53.694581 47.886165 63.458233 52.088049 47.049246 47.975682 47.336622 50.552298 47.693505 48.960664 47.605954 49.532109 50.117897 49.145982 49.682786 45.948471 49.701618 49.074630 48.951385 50.944952 50.044857 47.235954 45.846551 49.865377 49.246281 51.572355 46.820589 47.879886 49.478128 44.662024 53.621933 51.504822 50.609792 48.875919 49.785458 48.206427 47.921703 48.680132 53.789121 51.387593 44.972167 48.045749 49.753825 49.430097 48.565815 49.238315 51.435040 51.066544 48.157174 48.821722 50.626440 49.238458 47.951181 45.564540 49.915096 50.815083 44.892551 51.154841 44.018724 48.646499 49.069109 46.529262 53.416296 50.844616 48.220353 48.907065 49.987448 48.261135 48.953071 55.082041 50.447042 47.604782 51.835904 46.107239 48.728555 53.919959 50.026372 50.765474 51.702148 51.179034 49.123965 47.303180 52.361443 50.199354 48.212759 49.862731 48.078608 52.512157 51.037438 51.637410 44.082063 49.954847 50.317374 48.747541 50.264473 48.434410 47.820106 44.497615 49.132742 47.580195 51.537371 48.755559 47.460246 48.134731 47.390707 49.805409 49.053538 49.813240 51.209704 47.577322 47.952786 48.404751 48.012993 50.582327 54.075776 53.747561 52.247416 46.025113 48.076512 49.497589 51.017762 48.936085 46.276952 48.913467 50.308346 46.174105 48.687045 51.512884 44.001298 46.084773 51.810171 48.757523 51.526876 48.075860 52.632966 45.026323 46.781253 51.197376 47.602292 51.546326 48.151983 48.403050 51.349254 49.669982 55.383664 47.497554 50.950068 51.571774 47.772663 43.087942 51.948932 49.098594 46.584604 48.839334 51.277650 52.224368 49.014854 49.490843 47.360962 48.602506 51.827358 53.016599 49.234414 49.864393 46.362264 49.796785 47.121276 51.522766 49.380589 49.821519 48.915049 47.853669 52.117179 46.092657 47.150867 52.489807 48.821470 46.804998 51.725559 52.408384 46.208341 47.578046 50.105412 52.845706 53.036655 50.499843 46.995357 47.384231 53.183297 49.494384 47.831632 51.097993 50.357929 51.512825 49.184007 49.882957 49.695770 52.921919 54.944341 50.209177
54.418305 48.086083 53.911706 53.001064 51.995969 58.324372 56.226576 58.070905 51.488035 52.088049 72.867805 53.552950 49.686358 51.255132 54.391987 49.708039 51.471058 48.749985 54.226834 52.752846 52.103695 54.615296 48.322360 56.301471 53.123257 53.960736 54.358653 52.918524 52.220051 47.931946 54.920541 52.839632 53.993548 51.055488 50.563323 58.997327 48.294388 57.780948 53.379464 56.058772 53.471058 49.000292 50.054963 54.642799 52.697566 59.772210 56.395374 50.625328 53.241917 54.471367 52.066968 54.564108 53.449057 54.113812 54.125138 48.913640 51.241680 54.442414 52.316200 53.791093 52.136816 53.317871 55.132097 48.233363 56.227183 49.695297 51.971596 51.397613 52.385106 54.193741 51.814767 53.326154 55.116964 50.269459 52.860601 49.248347 58.751358 55.362414 51.981428 54.347987 51.252735 51.859748 52.453370 53.061170 53.271904 59.909490 55.115376 55.571403 51.910247 54.159028 52.238298 55.339652 56.994239 52.115391 57.178315 56.226141 52.882551 52.261641 51.430113 54.458227 52.933909 53.483716 52.155563 53.719626 51.142160 52.475770 54.286874 54.097998 53.600242 52.069094 53.546956 51.718572 54.606933 52.513676 56.296373 55.166609 53.005636 53.139220 53.665129 57.690690 54.141004 56.917809 59.101467 57.257502 50.540515 51.701791 55.360539 54.428393 51.175886 54.053063 53.192693 54.887982 49.783848 53.553555 54.931213 50.879695 50.533367 56.450385 52.249496 51.109367 51.392593 55.960223 51.822560 50.696094 55.789683 54.642053 54.940520 51.583242 52.699578 53.777666 53.477359 59.835693 51.807123 51.771847 53.572048 52.665786 50.374954 54.863078 53.910815 50.786260 50.759477 56.684041 57.501083 52.559383 54.367642 53.271171 53.315782 56.125360 54.921205 53.563169 53.220559 51.252670 53.425479 50.805228 56.636115 52.833454 55.365873 55.091997 55.366285 55.232832 54.015941 51.833389 51.881661 55.207117 50.265432 55.793688 55.063976 53.081524 54.187679 54.153900 54.202833 55.277821 51.079881 51.646481 52.073674 56.408273 53.258782 51.656254 56.485979 55.264488 54.765916 52.273344 53.250110 53.698541 54.150148 57.985402 52.660713
50.107430 45.015175 48.502169 48.644633 49.624697 52.800879 47.272758 50.701718 48.032120 47.049246 53.552950 64.237638 45.415486 44.759309 49.806177 44.139902 48.339267 46.594159 50.494916 48.972789 46.910201 51.062291 44.002412 48.732452 46.749250 48.681484 51.289593 51.199089 47.164053 47.435757 49.623731 48.706550 49.695069 47.323587 48.280247 52.134292 42.883285 52.739090 49.798071 50.654549 47.562208 45.005496 46.034018 49.318023 47.985844 52.104270 52.197496 45.125071 48.476087 48.834489 49.502498 51.920471 48.063794 48.339462 50.738493 47.545648 47.260204 51.341314 46.134837 48.765578 48.017870 48.958456 48.995533 45.306410 51.975650 43.407438 46.042115 47.619067 43.804846 52.200009 48.005443 47.492182 47.471957 46.943711 50.756313 45.996756 52.478642 48.248111 47.478725 49.960257 47.570133 45.912757 48.922533 46.658981 48.096711 52.451246 50.054543 48.119301 47.148403 51.567297 49.953318 50.091093 50.432035 45.908921 51.845904 50.177758 47.694914 48.479114 47.390503 48.483648 46.227053 47.292412 49.169016 49.654463 48.541713 49.025019 51.419017 51.162601 49.054578 46.842896 47.677544 47.063332 47.698092 48.499147 51.421870 51.679430 48.450806 51.238808 49.142133 49.833254 49.788379 50.890861 53.791926 49.938532 45.438253 48.524639 49.347714 49.983900 48.074966 47.785121 48.790961 47.979191 47.823505 48.424894 51.608734 46.311290 47.160361 49.892748 46.633936 46.101939 47.433223 52.548049 44.979228 46.062586 52.772987 48.395306 49.514573 48.129508 47.961745 51.311332 49.803470 52.856916 47.441639 47.367133 50.254833 51.572364 45.733770 50.233070 50.680575 44.518918 45.015774 53.287277 52.267516 46.502368 47.978749 46.553837 47.374077 50.742772 50.572700 50.674432 48.635366 47.159664 49.829229 46.920406 48.772943 47.129351 52.244643 47.647637 48.334268 51.245138 45.934797 48.764490 48.143972 47.974683 46.932506 50.351828 50.043315 48.568020 47.538149 50.549326 48.223141 51.873219 46.738859 46.315716 47.745880 50.757794 47.913079 47.862337 52.023157 49.602742 49.830404 46.225454 47.986225 48.999555 47.228106 51.517495 49.268782
52.336875 47.619356 50.110246 47.108849 46.547017 53.128624 50.986091 50.608450 45.554263 47.975682 49.686358 45.415486 62.222204 47.123299 51.148158 46.860487 48.810613 46.936714 49.080575 48.337538 48.499945 49.495365 46.121538 47.753414 47.753403 49.559086 51.164369 49.088806 48.013371 45.745179 51.472969 47.099728 48.400666 46.543274 47.546910 49.785511 41.653963 51.926971 50.550332 52.563622 46.779981 46.675719 48.997402 49.322099 47.624091 54.276920 50.925443 47.132008 49.064046 49.681297 48.674899 49.760185 47.234048 49.127674 50.414345 46.807527 48.098219 52.035423 48.786815 47.928623 47.864734 48.264918 51.782208 45.914235 50.952336 43.251143 47.193655 47.171862 46.211227 52.796222 49.049462 47.655241 51.496308 47.952235 49.212605 46.520815 55.402226 51.667259 46.029523 51.050121 45.783869 47.622851 50.463999 48.460429 49.286800 53.808806 49.240267 48.855143 46.940010 49.780212 48.912634 51.110261 51.578974 47.539688 51.753306 48.161628 49.679968 45.659725 47.457976 48.848556 46.894306 47.686207 46.339028 46.196815 45.511778 47.888357 48.485016 51.016689 48.696056 48.929383 49.814061 48.044056 51.178441 50.476476 47.848883 49.574593 48.557680 47.769024 47.484896 46.796752 51.196785 51.667334 52.709594 49.214013 43.953767 48.088804 50.622493 50.115062 46.582004 47.679742 48.823090 49.000540 47.136892 48.100863 52.146585 44.614695 45.048915 49.694165 46.396501 49.565960 46.310169 53.781750 45.009760 46.961921 49.056230 46.795295 50.017832 50.419659 50.079149 49.016223 50.101554 51.513472 47.704166 48.451343 48.931644 46.105420 43.760980 52.858179 50.343928 45.380878 47.195480 52.048281 51.984234 47.544555 50.118640 48.848561 50.356919 49.266215 50.614166 49.227422 49.226473 44.515415 49.093561 46.170273 48.431740 48.302063 49.135185 49.829949 49.270294 50.853189 46.629565 49.008927 49.910236 46.169578 48.472713 53.443530 50.038917 48.662352 47.604247 49.210705 49.889306 51.684163 48.597297 46.753968 47.866486 49.562087 49.654117 49.400163 52.999350 51.010666 49.403349 47.954684 50.792485 52.160530 48.870211 53.837538 53.113172
49.181146 46.482374 51.087365 47.510765 45.047942 56.184055 51.359593 52.245758 48.843888 47.336622 51.255132 44.759309 47.123299 66.327312 51.093040 48.819586 47.257566 46.188885 50.863604 49.144959 47.836790 52.694306 46.421776 50.788961 48.285282 50.846609 52.859415 50.309666 48.328505 47.044702 49.994578 50.359123 51.894662 48.616838 48.607197 51.295056 43.848137 54.025748 50.733009 52.910439 51.019216 46.183932 50.454616 50.691664 48.767287 55.850583 51.589595 47.687060 50.229080 51.015163 49.223289 49.642651 49.339959 51.057831 47.979926 48.008211 47.291666 51.097101 52.114214 48.780490 45.167416 49.935661 49.245264 44.392709 51.430898 44.938511 51.155687 48.961433 48.516089 54.795685 49.582551 47.882100 51.379985 48.407501 48.736069 47.303641 55.381579 52.118080 49.184014 51.871053 46.380851 46.949553 51.706872 49.593543 49.179461 53.139852 50.641803 51.751760 49.361133 51.488445 51.104047 49.061900 49.918287 49.622096 52.415807 51.007986 47.651173 46.468036 46.472077 48.770570 48.788294 50.696238 48.270227 46.289528 46.593156 48.148583 51.475937 51.209755 50.082150 48.999287 46.982262 48.275051 50.167960 49.700205 50.286276 50.248317 50.076956 47.437512 48.050558 52.863982 51.098566 55.301576 55.578435 49.195765 47.423146 49.027174 51.724187 48.882906 48.704481 47.513884 48.796039 48.967067 47.016717 48.047853 51.716694 46.205598 49.120040 51.096090 48.638399 50.793926 48.201948 52.468703 48.804916 46.893409 51.993977 46.440736 48.554171 47.871272 48.621039 48.715127 49.583048 55.392506 47.691240 50.535735 49.083548 49.302257 46.170706 50.351749 50.566386 46.007722 50.625413 52.660375 53.965487 49.523747 49.086042 49.487779 49.722269 49.796417 51.363151 50.578577 50.639626 47.196730 50.610207 47.024221 49.890354 48.711223 50.138249 49.714513 50.032469 50.956623 46.943547 48.163061 49.781571 50.489326 48.398969 52.277160 52.151716 49.653710 47.157199 49.664828 52.260837 52.659588 48.204324 49.938516 46.176211 52.383901 52.298257 48.125559 51.967511 49.015626 50.894101 47.691828 50.472849 51.058336 48.098728 53.552562 50.342575
54.318394 50.497720 52.658633 52.535782 48.652207 58.872377 53.703882 55.339199 52.986822 50.552298 54.391987 49.806177 51.148158 51.093040 74.615059 50.559648 50.943573 51.018484 52.289881 50.451859 50.367558 53.631336 47.981673 54.345307 52.800010 53.143672 54.618597 53.113199 48.454793 50.113206 52.402734 54.419495 52.819647 51.124252 51.953668 54.363523 46.072131 56.602188 54.392043 54.119967 52.314401 49.762855 51.190504 51.625143 50.787393 58.549539 56.627457 50.643584 52.329466 55.394595 52.267481 54.297732 52.866170 54.726533 54.394518 48.648582 50.241372 54.200367 54.135277 52.946726 51.386737 53.066772 53.955826 49.433121 54.405825 48.861047 50.449805 52.321781 49.527651 57.233996 52.835908 55.522154 53.146392 53.953045 52.527141 50.693554 56.383162 57.755146 50.374827 52.464548 51.854421 48.220222 54.414198 52.220058 56.070079 60.007466 53.168863 52.516877 53.417483 54.372784 51.960713 53.688093 51.810762 51.892531 55.201030 52.988833 53.600527 51.815323 49.752634 53.235648 50.611141 52.464046 51.932002 49.081214 50.038395 53.224233 53.170264 53.590082 53.363822 51.962300 52.924386 50.567774 52.772834 54.168088 52.465321 55.370273 51.286572 51.597573 51.182320 54.346728 53.540064 55.241550 59.536449 54.831314 50.527442 50.133649 52.934963 53.764476 50.862892 51.306882 49.856535 53.099384 48.540703 51.663843 53.736734 47.433951 50.670559 55.502867 51.349793 51.954152 48.980652 56.365627 49.124206 51.209221 53.883861 52.209142 53.763985 53.350975 52.777136 55.178468 53.146384 57.507581 51.391927 53.694654 50.771414 49.958645 48.955490 56.140230 54.584473 49.761732 51.678697 54.820561 54.965212 51.130493 52.727027 54.298207 51.456427 54.652062 55.286226 53.079636 52.647451 52.042512 52.341410 51.711594 54.160450 54.081041 53.857065 53.420555 53.795252 53.540967 51.567730 53.186181 51.649033 50.137061 52.395739 55.560696 52.408127 55.549412 50.197092 53.953144 54.123407 56.183635 52.080655 48.792976 51.615041 55.479111 53.675427 51.849528 53.980484 52.762878 53.244111 51.824799 56.573981 55.111963 53.642885 56.345914 55.780548
48.165170 46.995451 47.472885 48.243245 44.506330 51.740532 48.665683 50.565868 48.417742 47.693505 49.708039 44.139902 46.860487 48.819586 50.559648 65.573046 48.155923 45.629646 50.469685 50.444349 47.363802 51.874710 45.167593 48.576138 46.841480 46.359821 50.025532 50.126117 47.052216 43.246094 51.846610 47.144879 50.194120 46.855727 47.590436 48.133945 43.925631 50.503327 50.261468 52.251233 46.838413 46.627006 46.823426 49.121483 48.816289 56.553927 52.215509 49.011747 50.702890 46.814780 47.847228 47.238538 48.289253 49.566560 49.781626 44.227945 48.188020 49.798805 49.480755 47.609571 46.034555 49.949383 49.751857 45.199155 50.363301 44.079294 49.705297 47.922820 46.148247 52.395362 49.348514 48.718599 48.706846 49.502199 48.114128 45.820990 55.051168 52.768566 46.386943 48.832842 47.124967 47.929270 49.854536 46.683315 48.510638 53.875513 48.663019 51.761032 47.727355 50.660763 50.985745 49.187207 50.842906 48.815227 50.614620 49.442237 48.623672 47.386297 45.176767 48.452739 46.622185 48.990303 48.095226 45.047297 47.085732 45.518134 49.614527 52.043378 49.601634 49.386098 48.346912 48.433112 48.694737 50.019125 49.258631 52.781914 48.211294 47.232671 47.596611 51.092606 50.568279 54.118141 52.164796 50.413018 44.922210 48.613131 50.046076 51.927604 45.967352 47.888941 48.346152 49.781781 44.217698 48.933577 51.277826 45.083249 47.180094 51.044743 48.331794 47.469265 46.083750 48.771808 46.098305 45.499493 50.086018 46.930564 46.689145 47.596413 49.614360 48.248174 47.589895 54.242212 46.917072 49.416890 47.590823 49.373716 44.952807 50.479085 50.463593 44.551962 45.981562 51.679347 52.199127 47.700249 50.314128 46.335126 50.305544 49.982338 49.438617 49.642968 51.146930 48.714173 49.618662 45.384109 46.621729 47.725121 48.943214 49.914966 49.285955 50.838796 47.927273 48.167677 49.378412 50.241513 46.519837 50.868336 49.310381 48.396290 48.078339 48.925853 52.034286 53.695065 49.953544 49.158793 47.654636 48.052434 50.535247 46.836278 51.610382 48.090206 50.293475 46.493462 51.544819 49.437832 51.391811 51.964413 52.404842
53.765667 49.792480 52.301168 48.023287 51.063714 57.268419 53.936813 50.688518 49.057292 48.960664 51.471058 48.339267 48.810613 47.257566 50.943573 48.155923 69.743762 49.174192 53.307323 51.455333 49.640053 54.109371 47.239184 52.563635 48.741982 50.318344 52.816836 50.363443 50.866493 47.905563 52.424245 51.467607 50.758180 48.805761 50.856700 52.502903 45.665777 56.751625 51.202828 54.312799 49.148476 48.113546 50.241235 51.744124 50.007086 55.394916 52.878191 48.764980 52.047909 52.372881 51.171934 51.396936 49.512197 51.383632 52.471486 50.413153 49.285888 54.481831 52.131551 50.394113 48.110143 50.751902 52.301206 48.672002 55.545553 48.372103 49.751358 50.341381 47.321372 53.209969 51.056379 50.361007 52.906496 49.534660 50.387609 49.892571 57.870602 51.251977 49.048491 54.265992 46.679790 50.325672 55.135676 48.043189 52.917912 54.265553 55.059254 51.675387 50.762211 54.164248 52.517485 51.759021 53.475094 50.692643 56.909777 52.032478 51.544384 50.556033 49.428782 50.009266 50.241677 51.766792 50.005976 51.148685 46.946111 51.331374 51.814058 53.332567 53.678110 50.605838 49.713978 51.752290 53.887352 51.791848 49.954313 54.578815 50.324711 47.656122 52.133194 52.502017 50.751903 56.032214 54.559937 53.302227 48.075096 49.946736 52.386107 52.790251 49.905600 50.991461 49.894966 51.418960 49.681743 51.035216 53.409670 46.291724 52.014273 53.480564 49.490108 50.829205 47.087194 52.333904 50.021118 49.647471 52.404240 50.616410 52.018397 49.107604 53.486030 54.915383 53.162067 58.421600 48.351271 50.558551 48.794994 54.247946 48.300302 53.419691 53.876933 48.931026 48.581482 55.559335 53.252806 49.496424 52.242325 49.775100 50.927640 52.326126 54.432326 49.073453 54.671877 47.883036 51.214030 48.851972 50.382540 49.116429 52.882656 52.777954 50.267797 51.139160 50.427013 51.067444 52.001665 50.164615 48.974134 54.249352 52.597178 51.468452 54.969586 51.178594 53.008350 52.665134 50.728430 48.950234 50.019706 52.210514 52.124292 51.827678 55.388454 52.830023 53.532245 50.032822 54.498695 53.552821 53.449207 56.091323 55.726361
48.369583 47.110453 48.728265 44.742916 47.714381 53.170722 47.850327 49.283158 49.084767 47.605954 48.749985 46.594159 46.936714 46.188885 51.018484 45.629646 49.174192 61.958377 48.043402 47.803187 45.384806 51.685147 45.779414 46.276863 47.497447 46.146436 48.814180 50.354773 46.753704 43.908455 48.940170 47.235012 49.412680 47.486638 46.080241 47.919633 43.707234 52.812808 50.862872 51.735313 46.168433 45.410876 46.684853 47.347097 45.682674 52.243888 51.930688 45.084819 50.889252 49.420520 46.380043 49.496805 47.339649 48.475480 50.635987 46.377998 46.675023 49.855886 49.634779 46.461137 46.323741 47.987918 49.645467 44.996501 52.683115 43.858761 47.501502 47.973954 44.280299 50.107614 47.936745 48.176781 49.096059 47.228158 49.070114 46.402906 52.965552 49.632329 46.687747 50.923647 45.526401 46.022924 51.132084 47.452426 48.356973 52.975097 51.574405 49.925204 49.035883 50.854115 48.186226 47.081667 51.021847 48.467066 52.304409 51.367285 47.616305 45.870271 46.509466 52.680660 46.067027 49.258646 47.327496 45.106794 46.113846 48.884941 49.366688 49.187864 48.699268 45.443999 48.320700 48.375821 49.362615 48.863372 47.616408 50.132726 47.794056 47.197239 48.909787 46.815637 49.401835 52.134402 53.236510 46.963253 45.298874 48.595455 49.986551 49.285306 48.088542 46.171603 48.924314 49.706009 46.118683 47.708160 51.136868 45.814614 45.730400 51.453812 45.938649 48.177013 46.263301 52.264859 47.389058 46.084217 50.743972 45.575357 46.914417 47.051318 48.118411 49.156835 49.851561 52.572156 48.827430 49.182216 47.021705 48.129297 44.537428 50.365032 48.758666 46.162814 46.275810 52.471714 50.762162 48.460385 47.669587 46.224611 49.690583 50.881273 48.834940 50.201668 48.617189 45.031497 48.960205 46.216855 50.530556 49.499589 49.083147 49.783868 47.993150 50.294752 45.355991 48.639764 48.301433 46.114225 46.521875 51.719972 50.289837 48.678094 47.832588 49.486539 49.556199 51.783941 45.973522 45.696502 47.323556 50.129824 49.685969 47.146281 51.712561 49.104613 48.505271 48.181768 48.447150 49.615821 47.777068 52.733883 49.718189
53.316323 50.301379 52.223229 51.411627 52.761888 58.718903 55.301003 56.743994 50.480380 49.532109 54.226834 50.494916 49.080575 50.863604 52.289881 50.469685 53.307323 48.043402 72.852100 53.247111 51.739078 53.344557 47.636004 54.181676 50.748452 52.946735 55.210758 53.284078 52.910376 50.982469 53.817531 50.753412 52.506082 51.801733 50.549839 54.255043 49.150105 58.010947 53.544530 54.255361 51.527049 50.153535 51.758318 51.625124 51.297293 59.086311 54.002787 51.530256 54.263104 56.056546 52.926927 53.066131 50.657127 56.009263 53.693758 49.737831 51.563074 52.530063 51.837586 51.585987 49.669034 53.950169 52.940787 47.697742 56.141836 47.527092 51.911837 51.266274 50.595533 55.264936 49.889341 50.953842 52.400584 52.622627 52.277872 49.915217 57.712919 54.582539 51.850016 54.857042 49.740696 50.872913 53.545538 50.941127 53.680930 56.293105 57.288922 54.209810 50.481974 54.809143 53.941025 52.567985 56.951903 53.203228 57.344633 54.573044 53.823084 50.898242 50.499099 51.697023 52.409911 54.037460 53.122865 50.566397 48.275237 52.826141 54.248539 56.981300 52.986400 52.264067 50.069851 51.519615 55.273592 54.794453 52.714365 53.798331 51.293660 52.493198 51.061048 54.182034 54.616230 56.628842 56.870447 53.354754 47.720277 51.236666 53.951238 53.363784 52.180851 52.965469 52.923763 53.140261 51.318286 49.776464 53.944595 47.673654 53.685270 55.620082 50.519599 52.693283 49.384585 54.921205 51.797367 50.547612 54.980456 52.931010 51.629324 51.505679 51.872009 53.250982 54.673506 59.038674 50.945956 53.052574 52.666441 53.799114 48.723519 54.956707 54.076227 47.422488 52.293339 55.460812 55.800944 50.537522 51.657675 49.566885 52.616291 53.652067 54.918454 52.954310 53.257151 50.691621 53.606798 49.415089 53.582945 53.877785 53.931125 54.703811 52.405233 56.304409 51.742456 49.676389 51.941141 52.571242 53.103864 54.531864 54.817875 53.087390 51.985713 54.516796 56.732014 56.974605 53.460471 52.664779 52.719988 53.533953 56.044229 51.756850 53.742836 54.502685 56.153799 52.414277 54.295698 54.235941 53.928901 57.014926 56.026867
