206 206
62.022536 48.313972 47.089494 47.197134 45.398898 49.956503 48.745939 48.680338 47.276303 49.196852 47.354105 47.707976 51.162138 49.648330 45.895183 47.466822 46.233204 43.222493 48.943561 46.125612 50.847195 48.019938 48.175782 47.775337 49.130397 49.720337 52.252847 47.136071 47.040856 47.162279 49.494735 43.500895 54.274392 43.813019 47.393209 45.472631 49.148255 48.193315 50.520344 46.956003 44.984588 49.657905 53.479742 49.645232 49.191836 46.990056 45.391141 45.673552 46.752914 46.011258 43.284279 50.180825 44.643276 50.529276 52.170694 44.325383 49.103286 49.338008 50.223756 50.421341 48.610604 45.610399 48.026200 48.112680 47.609598 46.586754 46.338784 48.830083 50.099144 48.101205 49.181886 47.995090 47.404326 53.687313 48.493067 48.851126 45.815041 51.915443 47.625155 50.517665 50.010340 46.400059 49.478193 45.506757 49.426422 48.324556 48.398566 44.790619 48.747902 48.176559 50.993187 45.959138 42.903412 47.087948 46.555913 47.589459 44.711029 51.662126 47.191963 52.172671 46.401757 44.943990 52.934356 48.556842 45.277761 48.779357 48.276018 45.880181 46.031537 49.637896 49.084771 43.370324 46.293382 48.838718 49.456908 47.004543 44.895061 49.671444 48.292763 47.774222 53.626452 51.471189 50.016796 48.962489 49.713992 48.053825 45.230861 48.191690 50.409938 50.431683 45.827005 47.742279 48.560290 47.820865 46.723460 49.554223 47.424375 47.321000 45.119413 47.563304 47.176319 45.770875 49.074383 48.759889 50.291223 47.824923 48.492643 47.776311 48.735882 48.785324 49.541510 48.768352 48.388311 47.673299 51.027828 49.301985 47.232486 42.154848 45.641025 45.782473 45.595733 51.226762 49.368112 42.882817 41.367824 49.515836 48.675856 50.542369 48.995683 47.662532 49.092183 47.777482 47.013483 49.619820 46.775151 46.931948 43.168992 51.176692 49.639543 46.739804 46.397939 48.229695 46.272625 48.180026 48.963657 47.754993 43.318900 51.891153 45.436568 51.368645 47.900571 49.728387 45.986742 45.677965 47.610388 46.513481 48.068054 45.610530 49.507015 46.202871 43.434890 44.381519 48.634676 52.660943 51.235776 47.600625
48.313972 75.890780 54.311549 53.186392 51.417155 53.825579 55.565584 53.553437 53.858317 52.506847 50.393856 55.654138 54.590656 58.689971 50.445126 53.706142 50.513338 49.930489 58.006524 54.492085 57.315681 52.499557 58.033508 54.077666 53.321621 55.764774 54.554216 54.552357 52.095260 52.570254 54.127880 50.325978 55.218239 52.591728 51.430004 50.231035 55.229995 55.573294 55.502060 53.248390 53.253829 55.197640 58.997116 55.104899 58.029947 53.413065 51.651036 54.753135 54.221199 52.372345 50.199656 52.858229 50.498801 57.548031 57.148758 51.526957 56.041890 52.553078 57.058367 57.218158 55.461177 53.119375 54.744693 51.939325 52.323708 50.533463 50.940386 55.425367 58.147459 53.325566 58.590877 51.575682 53.900969 57.683785 51.665061 52.039999 53.272249 56.037497 52.902645 55.038318 59.486492 52.206068 54.627589 52.456897 57.625024 57.173848 54.374050 51.419778 54.090999 55.873045 57.072695 55.410293 50.388841 52.283679 53.047663 53.720339 53.288749 58.354639 54.946414 60.548106 51.286051 48.780806 60.189851 55.903634 52.419008 54.903863 55.697580 49.495722 50.640259 55.326540 56.715191 53.902484 53.732261 54.979785 54.964294 56.157720 52.374587 53.231863 54.233632 55.401815 59.275162 58.673550 58.653007 54.864770 56.514613 57.429594 53.686862 56.998698 56.442556 59.025937 53.894765 53.654326 53.606548 52.121294 53.609091 54.390221 55.593157 53.224817 53.180202 53.108736 56.347817 51.376284 51.521407 52.752859 57.476094 55.292909 51.668054 53.598785 54.661688 56.046265 57.811660 56.451744 54.233764 53.829299 56.764760 54.935600 52.634914 48.578408 52.738945 54.035020 52.258084 58.161698 54.874497 49.959277 48.311394 57.125588 56.076859 55.950016 56.013920 55.675128 56.904280 54.640516 51.797183 50.742296 53.794212 54.602618 49.559145 59.280952 56.377395 53.628436 54.350543 57.202087 54.833132 57.095429 55.912921 54.929150 49.835563 57.695128 51.343750 58.693521 53.414539 54.838506 52.991874 52.390372 54.583061 51.921139 55.870337 50.291484 51.655575 51.578479 49.907367 50.341755 56.183117 58.674808 56.972983 53.748533
47.089494 54.311549 71.643503 49.343279 51.015614 52.333531 54.608475 49.317766 49.374753 48.920038 46.872776 52.990412 56.088975 56.762043 50.323943 53.935472 49.555355 48.981640 54.140565 51.106907 53.039158 50.576493 54.285760 53.363985 52.796944 54.300796 56.219820 51.445758 50.318566 50.770903 52.420185 51.046798 55.830519 52.238069 49.303704 50.463674 53.711695 54.046265 52.220838 52.579237 52.349807 52.248256 56.748652 53.296501 54.168560 49.875528 50.406941 51.737328 49.419655 50.782041 46.383662 52.923197 46.256020 53.702981 55.307737 47.989414 53.662371 53.872750 55.191053 54.714884 51.281299 49.760312 52.821674 51.528610 52.837612 48.673341 47.952507 52.413442 53.700402 50.915068 54.506068 51.711044 52.679042 57.443957 50.678964 51.676633 49.581387 50.744660 52.781102 53.588446 57.396337 51.661731 53.393586 46.514912 54.869814 54.078572 52.491078 50.973079 52.411886 54.897485 54.364430 50.893993 49.163855 53.971689 51.586591 51.986137 51.957771 52.317595 52.385680 57.949228 51.374007 48.408058 58.929393 50.850256 48.885135 56.276525 53.367403 49.314556 49.286615 54.609148 53.342113 50.148533 50.272906 55.461731 50.767569 51.067957 51.076938 50.715828 54.660354 53.526760 56.975500 53.022690 53.627408 52.173317 55.333915 53.815673 50.061233 54.400741 52.807534 53.972318 50.910501 49.939561 51.164986 49.482075 50.366988 54.443028 52.525288 51.987130 52.840807 50.715980 53.643692 49.522052 51.480673 50.663693 54.087213 54.807595 52.797458 53.129844 51.519661 54.127248 53.827393 54.346972 51.886047 52.024989 54.805074 52.084562 50.219922 48.046358 47.640909 48.968098 50.616576 54.795150 54.888655 48.676189 48.713381 51.557033 53.071159 54.805969 53.256851 54.254763 54.767287 52.192333 50.008455 52.428551 52.040804 51.467525 48.634028 55.332341 56.494928 51.161448 51.410646 55.665971 51.734812 53.281250 52.562733 53.454971 50.263570 56.848882 47.828981 55.250790 51.190314 52.937899 48.955863 52.074966 52.169084 51.984863 50.433585 49.716852 52.494619 52.480362 47.400308 49.942655 53.196360 56.978893 54.588475 52.408075
47.197134 53.186392 49.343279 64.922136 44.647738 50.346414 49.450299 48.358312 47.965634 49.294603 45.291235 48.573910 50.879783 51.933690 43.452826 48.791937 44.473403 44.550608 51.691883 47.603259 54.711772 46.115165 51.470319 50.204706 49.739772 48.794685 51.790121 48.099399 49.374876 46.327423 49.838016 45.373963 52.904451 46.631792 43.953107 47.397646 50.737569 50.272621 50.099468 49.593181 50.633256 50.284454 53.471490 47.989556 51.329490 48.829321 46.243821 48.023204 49.770201 47.009558 42.702870 49.885857 46.118153 53.222719 51.353809 45.728202 51.630748 49.857145 51.596656 53.691385 49.906331 49.715887 48.833960 47.228997 48.051113 46.516786 46.235555 50.762479 50.789453 48.720536 52.399153 48.311413 49.214931 54.494125 48.992178 48.381175 45.814943 50.329380 48.648642 51.092287 51.919266 47.916168 50.511093 48.798928 49.390141 51.438825 49.724397 48.169666 47.889840 48.018404 51.760693 48.045037 44.324242 47.980514 48.082905 49.127316 48.884942 49.713548 48.853921 53.953150 46.514817 46.905896 53.788444 45.751445 45.464000 48.862319 47.995245 46.309248 45.610236 51.984892 49.541022 45.622828 47.476481 51.150303 50.181373 48.452480 44.218758 49.149069 51.183685 49.387603 52.731919 50.704725 52.471029 48.585843 52.058242 51.996753 48.120141 49.355708 50.689772 50.822667 49.531228 46.635768 48.011263 44.408317 48.418056 48.621993 48.488118 49.625177 45.673324 50.005765 50.764207 47.507897 48.369596 47.389920 52.591362 51.278619 46.832621 48.493062 49.232763 48.699536 51.302115 48.394434 47.604379 48.691785 52.724802 49.507035 47.518893 44.554090 48.260533 48.303967 48.246533 51.164197 50.923423 45.601780 43.450862 47.914915 50.856643 50.161181 50.939187 49.628944 53.641016 50.562980 48.023932 45.833071 47.525246 51.162181 45.818100 51.242163 52.446976 46.061034 48.816705 51.695320 49.477355 50.409526 51.443230 49.024686 42.654711 53.339578 45.849681 55.149785 48.606719 49.862656 45.669230 48.350801 51.476031 47.290402 49.364620 48.728479 48.518248 48.804567 44.168084 44.529686 47.680622 53.651912 50.742607 49.118943
45.398898 51.417155 51.015614 44.647738 66.454236 49.428689 50.026400 47.636812 48.363802 51.652359 45.477761 50.338119 50.343899 53.900162 49.214804 49.156767 47.129337 45.650957 50.883481 49.778026 52.114177 47.962005 51.847498 48.023635 50.378414 50.739477 51.509984 49.261158 47.043258 46.687195 48.519023 47.315965 52.567211 49.616789 48.394956 45.846682 50.487448 49.953020 48.696739 48.812444 49.466770 49.282114 55.206635 49.761172 52.001128 48.092655 46.797255 48.303385 47.800722 48.015260 44.176357 47.948168 44.053012 51.204715 51.576731 46.012570 49.129739 51.327930 51.709221 54.155107 49.058234 45.546564 48.394216 49.844760 48.192897 44.162949 45.451264 49.299612 48.625085 50.171382 49.588015 48.781991 52.589450 56.380741 47.898650 48.978668 48.080581 50.284803 49.708111 50.437599 53.624687 45.946679 50.041040 45.440692 52.441777 52.137857 49.106205 47.478689 47.870736 51.977185 51.934287 48.833917 44.949504 48.136666 48.236431 46.058412 47.477714 48.884370 48.872559 54.732404 47.109415 45.447295 54.601484 47.751993 45.717208 49.937780 48.391205 46.510647 45.565099 51.280983 50.175208 46.935412 47.640712 49.469856 51.626631 51.197533 47.534642 49.806481 51.913171 50.184085 53.932268 51.477830 49.121070 52.473682 50.008116 53.560136 49.213041 52.064998 50.548670 52.632422 47.788276 47.864435 48.417168 47.204972 49.077371 50.432290 48.808608 50.260492 47.718681 50.887020 51.380903 47.627358 49.341271 48.053200 51.672887 49.734813 48.489525 49.791297 48.701641 51.768697 49.151870 51.960156 47.696387 48.080932 51.241598 51.245343 47.731109 43.176194 46.986460 45.862036 45.132170 51.548883 50.381955 45.500496 45.158252 48.939781 49.342259 50.112705 51.044869 49.282616 51.342406 50.316712 45.140030 49.333939 49.903525 51.256985 46.339306 51.303158 51.667736 49.273370 49.048831 51.331298 49.391653 51.858910 48.465232 51.521707 46.647827 52.320325 47.395608 52.789900 48.184103 48.008893 46.430198 47.853339 48.638800 48.560519 49.040640 47.113216 47.906301 49.673040 45.220472 49.588727 48.648208 52.169679 53.223390 49.269460
49.956503 53.825579 52.333531 50.346414 49.428689 71.697544 51.456509 53.723784 51.675423 52.888904 48.773520 53.641962 55.098381 55.298165 49.526546 53.847968 49.408698 47.730821 52.708448 50.166514 57.052853 51.550482 51.754365 52.347208 52.428013 51.757932 55.628754 54.685316 52.476443 49.265790 53.819846 49.574214 57.485346 49.033380 51.536370 49.309824 53.241732 53.722169 53.594158 50.444440 50.861702 54.017419 57.878315 54.280547 53.945503 52.269132 49.364323 52.894994 50.821080 51.848573 47.475810 52.443762 48.507399 53.735691 54.693913 50.457481 51.286686 54.692999 54.785146 54.591223 49.746479 48.847250 54.180921 53.911560 52.526037 49.977168 48.918757 50.559559 54.985915 52.375245 53.081296 52.551299 53.322285 59.398639 50.571561 52.015921 49.232798 55.283930 52.329738 53.148691 57.006799 50.240168 55.242532 49.351133 55.598504 54.023045 51.496401 49.109285 52.720080 53.515103 56.073333 52.587350 49.203114 53.362277 49.413270 50.875655 51.462833 54.726956 53.510987 57.746579 51.196068 48.744558 58.344302 52.671705 48.780753 53.741927 50.547840 49.146917 50.425288 51.019044 53.118430 50.076617 50.173800 54.315258 52.701820 51.327249 49.309011 50.768022 52.938679 53.939895 56.883495 52.339875 54.124111 53.275146 54.894612 54.262902 51.109612 54.122121 53.639533 54.910650 52.033907 50.356696 51.261285 51.045871 50.436965 53.210635 52.148007 53.729434 49.175846 52.675038 51.729243 51.967216 51.965707 50.192334 53.073335 54.355171 53.021657 51.288594 54.153049 54.432792 55.037839 53.665485 54.604844 53.288513 55.131936 53.478954 51.739313 47.601340 49.979190 52.552877 49.925475 57.616065 53.239751 48.313470 46.229526 53.062663 53.546861 55.294851 54.158651 53.016111 52.510613 52.070024 50.857288 53.193732 51.282780 50.306147 49.458410 54.937232 55.882712 50.519337 52.228012 55.731035 52.227324 54.306850 53.299905 51.501212 49.323905 55.599057 48.837082 56.892137 50.856208 55.266419 50.327527 51.563236 53.092470 53.673166 53.557540 51.635359 51.311449 51.591991 45.630466 49.463656 51.650893 55.908432 54.780740 52.243235
48.745939 55.565584 54.608475 49.450299 50.026400 51.456509 69.103003 49.853405 48.477189 51.562837 48.273836 52.149934 53.627308 55.855524 47.814994 53.422712 50.396807 47.371147 53.837293 51.547925 54.057687 49.072144 50.745104 51.661588 52.826219 53.165269 53.858033 52.358393 48.908101 49.707614 50.655755 48.064466 55.884531 50.707881 48.861502 48.465572 51.595985 51.008996 49.978855 49.593197 49.265794 50.863921 58.008164 51.537340 52.483237 49.854775 50.527727 48.387452 51.349172 49.414725 46.289004 54.810148 46.869463 50.946224 56.865613 47.808138 53.518293 54.238595 52.399795 55.236832 50.130695 47.942116 51.428849 50.840490 51.487132 48.502389 47.615568 51.905447 54.746068 52.556299 53.576396 50.122996 51.669766 54.029835 50.522906 49.956182 51.582407 50.954717 50.848950 52.228785 56.281876 49.560939 52.671279 48.155165 54.140050 54.210481 50.189667 50.375306 52.870682 52.312480 54.977637 49.292308 46.928119 51.566022 50.838320 50.003915 51.540232 52.103277 50.092125 54.149788 48.774841 45.166675 56.528498 51.681692 49.375833 52.914655 50.918660 46.846409 49.729090 53.151468 50.842907 48.467539 49.584036 53.247834 49.567910 50.126834 49.549489 51.246681 51.994803 53.613095 54.646335 51.902628 52.990898 51.186259 54.424979 50.713239 50.854277 53.153162 53.320158 54.319613 51.220569 51.294016 51.509052 50.628547 50.858437 54.200191 50.284822 50.943758 48.134517 51.324011 53.979621 49.519276 50.149305 49.083076 51.848002 52.447607 52.945117 51.884029 52.376966 52.428898 52.910656 52.897743 49.634965 53.177980 54.140306 53.457590 48.137744 48.869425 51.089941 49.535245 48.062342 56.482929 53.025819 49.172102 45.648115 49.999945 50.738548 52.096025 53.035170 53.705334 50.727726 51.429638 47.976246 52.883755 50.787918 50.202178 46.892051 53.014182 54.627676 50.637995 52.271145 53.985888 49.340245 51.788502 53.034756 50.681550 45.338592 56.071519 47.773618 54.535911 48.996463 51.669027 49.486848 52.872858 52.958739 50.814900 48.444426 50.417368 50.222748 49.980444 47.090735 48.344195 51.432488 55.600946 54.743950 51.481004
48.680338 53.553437 49.317766 48.358312 47.636812 53.723784 49.853405 69.282616 48.467449 51.245138 49.293374 52.360659 48.066181 53.231156 49.638161 51.100424 47.795473 45.438676 50.560986 47.349866 51.936984 49.491902 52.848056 49.579197 50.008374 52.587056 52.615247 48.071786 50.169046 47.942543 50.797054 45.313010 53.853776 47.478482 48.441492 46.442450 51.709070 52.298197 51.005178 47.801966 49.862682 49.190568 55.055089 52.987673 49.994474 50.624890 48.334214 50.243431 49.807287 48.082188 46.262628 50.582912 45.552364 50.752647 51.978244 46.801057 51.905533 51.195197 51.640537 53.894003 49.823057 49.289695 48.850153 50.357280 51.646218 46.226621 46.542794 50.844658 52.937378 49.877037 53.295472 49.356231 50.008623 55.077154 50.689609 46.878120 47.442365 52.248762 50.613969 52.991786 54.111921 47.942936 50.115295 46.204827 49.143038 50.867231 49.762627 46.205255 52.059541 51.271869 53.206832 50.173630 47.221914 49.077046 48.509908 48.866429 48.521724 49.928702 49.404580 55.387660 50.362704 46.745086 56.460891 50.747838 47.505912 50.263365 50.132764 47.334472 49.923510 52.794457 49.646618 47.463453 50.770292 51.077261 49.976178 48.008865 48.099439 50.197837 50.809691 50.765156 54.882692 52.981154 53.565047 50.316492 54.064883 52.669827 48.743416 51.156467 51.840311 51.193947 47.453253 47.791590 48.945174 47.425921 46.998566 53.865254 51.448273 50.352134 48.962779 51.595241 51.647626 49.427306 49.859897 47.979034 53.013624 49.940021 48.368396 48.100358 51.756362 49.089080 52.354342 51.192638 51.234645 50.803000 52.219185 53.853557 47.797025 45.669041 48.808536 48.905845 48.075061 54.870661 52.784226 48.191129 44.870814 51.926446 51.475161 53.059984 52.093972 51.424186 53.221733 51.546344 48.567882 47.314570 47.790355 50.930208 48.255982 50.334767 53.936743 47.954595 49.625415 51.689065 50.614245 51.006015 52.883966 49.889260 46.408496 55.391763 46.878840 54.321181 48.369868 52.081097 48.747468 49.499650 51.330210 48.805263 50.453138 47.735597 48.997010 47.419943 46.703196 50.202719 50.095224 52.603677 51.897930 47.635281
47.276303 53.858317 49.374753 47.965634 48.363802 51.675423 48.477189 48.467449 67.676307 49.903927 49.114129 51.039152 50.029174 51.295673 49.454430 51.431701 46.282210 45.559315 51.707244 49.246971 54.384350 51.393054 51.254208 49.044682 51.366952 51.467110 50.556268 50.668918 49.999652 48.754642 47.373883 46.797293 53.841044 48.793741 47.369844 49.171090 53.158102 50.448056 51.157787 47.661284 47.817066 53.365465 55.294389 51.152230 51.650335 48.085026 47.720636 49.224559 47.772067 46.945388 46.701088 50.230988 44.387786 53.139174 51.931072 46.625693 49.421238 49.017177 53.685755 54.066001 48.654565 48.004611 49.658511 48.970078 48.634872 49.163141 46.755909 49.615164 50.770921 50.665480 53.123930 47.544571 50.589815 56.967510 47.767545 50.204366 50.079080 53.730840 50.366609 50.544691 52.821141 47.172916 52.170076 47.822410 52.085515 47.619787 49.279644 48.012948 52.150954 50.167248 53.015976 48.487378 47.352304 48.667646 47.581434 50.607369 48.475677 48.498143 51.130367 54.358005 49.403044 46.568012 55.802425 49.884007 45.490479 52.103159 50.873366 46.835425 49.486153 54.577874 51.216563 46.624733 48.796653 51.449255 50.977476 49.771467 47.538896 47.965855 51.614358 49.891492 56.792800 53.056178 51.971837 51.534570 51.273787 52.467679 49.371615 54.136770 50.264746 52.165894 48.167716 48.122867 50.106615 47.255541 49.247658 50.915240 50.637797 50.478977 48.065769 51.035685 49.945764 47.773112 50.048742 50.315883 52.738766 52.115034 47.529801 51.015817 51.627481 52.833286 53.866282 53.025007 47.578693 51.072170 54.487426 49.619019 47.746910 46.141733 47.012327 51.066206 48.131790 55.231080 50.320261 43.523282 44.845487 50.188455 50.222539 52.100644 51.122329 48.357757 51.630504 51.054935 50.563699 47.669067 51.644686 50.506157 47.739524 52.427378 49.897158 49.814954 48.403148 53.526592 50.625516 54.631293 51.591172 50.899640 46.668890 52.457148 47.721540 54.641048 49.277427 52.310337 47.792411 47.748648 50.961294 50.713768 47.913201 51.449652 49.299323 49.195568 43.780010 50.195800 49.069023 51.767169 55.228626 47.350285
49.196852 52.506847 48.920038 49.294603 51.652359 52.888904 51.562837 51.245138 49.903927 72.150633 48.932063 51.993835 52.056779 52.051700 48.905291 47.971672 49.171598 46.484866 53.921347 50.864402 56.038821 49.001868 54.103317 50.981400 52.535044 51.858790 54.821075 51.657226 51.280807 47.892439 51.587948 47.781763 55.356151 48.988320 49.699241 45.433074 52.757639 53.598948 53.300573 49.602076 49.615918 52.781729 56.747944 51.046291 52.499178 50.658642 45.572229 51.045773 50.369579 48.807855 46.122054 52.512006 48.890018 53.191010 53.138884 46.775659 52.335240 52.640544 51.085169 53.661307 51.244010 50.269465 50.856890 51.201125 53.198042 46.522124 48.514965 52.952801 53.057387 52.462943 53.759539 50.516646 52.251110 55.539441 49.483478 51.273361 48.300592 49.843852 52.612594 53.642962 55.446748 50.571809 52.855681 47.160401 51.768968 51.885560 52.316850 50.730092 49.825001 53.659419 52.721036 52.226877 47.202059 51.026907 52.007432 51.715895 51.522717 54.784366 50.575340 55.519597 49.372311 47.581459 56.603666 51.679703 48.717730 52.516194 52.086092 47.301302 49.738296 53.702329 51.659098 48.751791 50.482861 51.705218 52.109828 51.718833 50.349180 53.181910 53.873873 50.361867 55.137881 54.505117 53.154688 52.052147 52.549602 53.882626 50.887818 50.330534 53.757264 54.297834 49.645231 48.077321 49.619137 51.611383 50.756522 51.256325 52.818604 53.340314 50.850224 54.243962 53.225262 47.816246 52.537828 50.879563 54.862096 54.131358 48.970509 51.224492 52.910787 53.902422 53.373882 52.679219 50.439984 52.150787 52.745696 53.315168 49.067672 46.790135 49.970728 49.601002 51.579023 52.925338 53.016950 47.690503 42.816282 49.796736 50.608716 54.771317 53.439583 51.331238 54.815120 50.828803 48.646776 51.320726 52.713456 51.918000 47.609757 53.318041 54.938737 47.717705 52.207017 52.747426 52.913509 54.175168 51.620581 49.436716 48.073546 55.421558 47.757304 54.918448 50.849462 54.083659 48.880877 51.105836 52.925863 52.015996 50.632580 49.308240 47.038631 49.636025 44.748216 47.977070 52.638641 55.303056 55.735185 51.508743
47.354105 50.393856 46.872776 45.291235 45.477761 48.773520 48.273836 49.293374 49.114129 48.932063 64.322099 48.037492 49.474596 52.160527 46.727317 48.735646 47.375056 44.158833 49.217804 46.098560 50.866387 48.028103 49.776660 49.858549 50.821579 51.922499 50.516896 51.380317 47.483935 47.983199 50.509571 44.179259 53.494190 47.802488 45.642542 46.798271 50.055837 48.336437 49.913524 46.319819 48.247193 49.696142 50.733266 47.899995 51.179040 49.973577 47.030967 45.536762 48.740940 46.490582 43.721832 48.725195 43.518639 51.152167 49.940032 45.331088 50.131022 46.414224 51.116895 51.902659 49.169851 46.072601 47.571640 49.202488 48.913021 43.020504 48.308323 48.438459 50.895125 46.961990 50.663031 51.100808 49.102462 51.791859 48.137549 47.590821 45.318213 48.885019 48.573917 50.308070 51.982781 43.943489 49.851472 45.725138 47.990498 48.209014 48.090664 46.026100 48.204493 48.340327 51.704263 46.707928 44.360493 47.361146 46.070102 46.638486 47.378237 52.054994 49.842724 53.249062 48.037197 46.291732 54.498857 49.335234 44.733572 49.042070 46.905681 47.753359 46.043063 50.428688 50.053368 47.803501 49.148259 48.031744 46.718061 47.779093 45.512344 47.139561 50.318428 49.694141 53.951363 50.816990 50.996998 49.136100 50.966254 51.110057 49.207769 48.016360 53.083641 49.914230 46.776573 49.154777 47.086762 45.654537 48.042759 51.906665 51.344872 48.118665 45.643064 49.888904 48.486021 47.199117 50.121340 45.314954 51.691731 51.224466 47.779139 48.147978 49.869801 50.061972 52.951070 47.857267 47.713455 51.363769 50.126249 49.645015 47.307247 43.256173 46.928424 47.433607 44.675675 51.455043 48.728935 43.248938 44.261885 48.852934 48.130061 51.077497 48.893343 49.803765 51.425343 49.010169 48.124593 49.447966 51.737840 48.590489 45.373152 49.871179 50.362833 48.967403 47.829984 50.763567 47.654415 49.303128 49.496788 48.618014 45.232904 52.654600 45.774363 52.730021 47.998553 51.709418 47.007250 47.680934 50.897363 49.015026 47.028790 46.115451 46.290014 47.771259 45.225445 46.878488 46.436341 51.222942 52.490633 47.554775
47.707976 55.654138 52.990412 48.573910 50.338119 53.641962 52.149934 52.360659 51.039152 51.993835 48.037492 68.705873 52.235111 55.110847 46.897818 51.004266 49.869620 47.889971 52.449171 49.468836 54.613141 50.743197 53.110697 51.877926 51.455744 52.106791 53.814412 49.767685 50.094972 50.411878 50.815636 49.490192 56.925912 50.243908 50.026227 49.331525 52.665615 53.428727 53.217491 47.441636 52.100368 50.413036 55.880651 51.394242 52.075951 48.997598 46.166752 51.777433 52.621851 51.841771 46.878492 52.701059 46.136023 53.959604 54.851198 48.747391 53.264512 52.734617 53.032127 55.207307 52.569901 52.126497 53.021967 51.102498 52.251817 45.426903 47.213580 52.263654 52.571727 54.090294 54.697307 50.754675 54.827486 57.903493 50.782244 50.269994 47.132250 52.446125 52.092804 52.193448 54.206370 48.362016 53.892906 48.161946 54.227916 52.997546 51.504126 47.857919 51.043890 53.162496 57.427416 51.415110 48.405632 50.340768 50.152734 49.886785 50.921649 51.417962 52.273218 57.370856 49.787846 48.318745 58.558967 50.990386 48.796519 51.792995 50.495854 46.621646 49.032958 54.340352 54.417235 50.664057 49.306831 52.471213 52.067135 52.038719 47.199089 49.766171 53.138047 51.440828 54.689765 53.720896 53.565593 53.618827 54.353306 52.732029 50.890778 54.822910 52.289222 55.312183 51.246452 50.269454 49.556746 51.455115 48.462075 54.265908 51.124468 49.626117 50.575470 51.892934 50.677976 51.136734 48.577773 50.805849 53.929904 54.037225 50.399620 52.042715 52.252492 52.533449 52.440033 53.948437 51.165229 52.949690 52.692575 54.638352 49.456677 48.190133 47.520406 50.526795 48.032669 54.650968 53.722386 48.172854 44.787262 50.308478 54.917891 52.778185 54.546299 52.226187 52.690620 52.110899 50.592601 49.875791 50.871731 50.980550 47.450310 55.244896 55.046209 50.132236 48.602950 55.225590 51.703985 51.458291 55.229181 50.966564 47.509538 57.361557 48.189913 57.130323 48.870858 53.181039 51.021405 51.618805 53.258609 49.391651 47.951415 50.655839 49.728544 50.002230 45.648148 51.889448 51.033718 54.964350 56.239521 51.039517
51.162138 54.590656 56.088975 50.879783 50.343899 55.098381 53.627308 48.066181 50.029174 52.056779 49.474596 52.235111 74.220918 58.569151 49.316518 55.601880 50.174350 47.517067 56.473261 50.814974 56.407233 53.836275 55.480487 52.571551 54.420906 55.520502 56.823606 53.552115 50.615185 51.852028 54.719717 49.030473 57.672229 50.866214 49.488712 51.183081 56.060831 55.405681 53.640920 54.881665 53.003170 53.831063 57.576647 52.627504 57.735995 51.754840 49.313190 53.335530 52.595249 52.563194 46.506109 53.461310 48.168647 56.552878 56.280846 51.210895 53.284403 53.836719 54.965233 56.011759 53.622922 49.768908 53.402372 54.066068 54.856808 49.058375 48.947953 53.644632 55.274031 50.426585 55.293318 52.303087 54.937348 57.829422 53.109451 52.485839 52.163214 54.116040 54.549824 53.877728 56.780004 51.175702 54.029467 51.588449 54.573559 56.756237 53.359154 51.154754 54.081052 52.872189 57.232509 52.921922 46.487632 54.161371 48.722410 51.676298 52.975808 54.748830 53.143024 59.188179 51.100585 49.100221 60.110139 50.889933 50.071174 53.245749 53.373467 49.381434 50.087743 53.953475 55.276654 50.635294 51.056970 53.884130 54.471104 51.618362 51.690495 52.714897 54.172242 53.593819 58.292744 55.538453 54.668415 55.091315 57.317198 54.543213 52.321350 56.268435 52.262385 54.967816 53.125173 52.466770 52.422822 51.227982 52.652236 56.526938 51.015985 53.922627 53.607401 52.969234 52.587167 52.558521 52.792038 52.125388 51.905922 52.974054 51.563016 54.288127 54.279294 54.665020 54.056701 54.240394 49.710003 54.685113 55.874620 54.895651 50.591355 46.279381 49.605658 52.498457 52.197602 56.137798 54.671018 48.559232 49.080637 52.278143 54.332131 54.720214 54.469979 54.409182 56.451622 54.982643 51.053747 53.000285 53.216837 51.998947 48.666767 55.970943 57.221380 52.725185 53.155975 54.632255 52.548858 52.688779 53.153890 51.209119 49.322234 57.125842 50.641980 59.418028 52.408831 55.130207 49.311826 53.181179 54.472551 53.360788 51.962832 49.183967 50.024028 52.915933 48.918342 51.039501 53.172072 58.749603 55.753394 54.391023
49.648330 58.689971 56.762043 51.933690 53.900162 55.298165 55.855524 53.231156 51.295673 52.051700 52.160527 55.110847 58.569151 76.130452 51.293953 54.281642 51.428527 48.799469 54.270954 55.654803 57.458725 55.078934 55.358277 55.208150 56.168534 56.310360 57.894989 55.103828 52.633282 54.073867 55.937698 50.593755 59.479042 52.446741 52.981118 51.620086 56.295405 56.590593 56.942417 54.237910 56.097948 57.436445 60.943743 53.737062 59.130438 53.583110 52.851242 52.357799 53.425052 54.947940 49.007658 54.365052 50.558497 55.512568 56.005958 52.499910 57.335228 54.990088 58.830013 58.885628 55.313474 52.892626 53.533770 53.973275 54.862044 49.620412 51.458936 54.594734 58.044342 52.340613 56.675657 55.486638 59.185085 59.310930 51.254639 53.173655 53.095719 52.683069 57.030387 56.276022 59.531815 53.238662 56.556936 53.425637 55.468601 57.428685 54.668424 52.483945 54.561641 57.721026 57.851195 54.277327 51.170847 54.014800 54.965449 50.555044 53.793991 55.456040 54.406437 58.409132 53.337084 49.196370 57.729636 54.198739 51.664380 55.019309 52.477905 51.497791 49.961362 57.086339 54.625636 55.602837 54.913077 56.805270 56.615079 55.331769 52.531287 52.479437 58.162149 57.224446 60.369201 54.689811 55.853009 55.033721 56.890815 56.330513 52.711799 54.799457 56.556484 57.158823 55.666896 55.070887 51.432230 53.853139 53.724882 56.988248 53.008524 56.495034 51.514574 56.196526 57.160736 54.502169 53.049124 53.352347 58.276331 55.576675 54.130833 53.001732 54.710543 58.446703 59.333955 55.202880 53.669115 54.363762 56.649275 56.257195 50.806315 49.027604 51.838057 52.178549 53.901509 56.748194 55.813320 50.737107 49.692670 56.561623 57.403965 56.081690 55.860355 57.319146 58.019675 53.594750 52.713276 52.300149 54.352398 55.344404 51.285433 59.687055 59.576471 55.031555 54.684782 56.744657 51.542470 55.361240 54.980190 56.146076 50.884571 58.684176 52.409630 58.371071 54.216285 54.867166 53.567661 53.043170 56.478975 53.499541 52.743327 51.408672 54.179717 56.928383 51.596191 52.831817 55.622966 58.338393 58.082167 55.878356
45.895183 50.445126 50.323943 43.452826 49.214804 49.526546 47.814994 49.638161 49.454430 48.905291 46.727317 46.897818 49.316518 51.293953 64.020198 48.871332 47.134236 45.245001 49.895445 48.779291 51.228520 49.463955 52.293469 48.333951 50.368067 50.695663 52.284120 48.916225 46.982392 45.595348 50.912661 45.984742 54.885224 47.877081 48.306210 45.566596 51.168534 50.917072 46.708629 47.988942 50.325773 51.395712 56.265581 51.799991 50.690293 50.507077 47.342967 48.390616 46.739129 47.700377 45.765971 49.142999 44.108008 51.610667 50.196660 46.802482 51.032223 47.660121 49.116621 51.621987 48.697602 46.338623 48.931099 49.213392 50.592406 44.993731 45.628029 47.267297 49.355201 47.152019 51.657985 47.532205 49.993503 54.433102 48.739675 48.387503 46.236138 50.918241 50.244602 49.894638 52.302060 48.434232 51.417816 42.841358 50.463718 49.221703 50.531752 46.488903 47.777725 49.694188 50.734978 50.445310 46.178734 49.192135 48.611740 48.496272 46.482038 49.322737 51.522082 54.233566 49.807707 43.950010 54.601878 49.783332 46.283619 52.502563 46.964905 45.314872 49.025985 49.336494 47.578330 48.288630 48.780751 49.512244 48.478662 47.862278 49.623127 48.108040 51.370604 49.095306 55.708880 51.170138 51.987537 50.170887 51.520668 50.936328 46.621706 51.303771 50.729361 51.698939 48.843577 48.355642 49.071676 47.585849 48.627681 52.234807 47.631016 51.318023 49.959407 50.970832 50.790317 46.817157 49.321517 50.277653 52.408387 49.632798 49.313577 47.744935 49.968771 50.641195 53.993184 49.488671 48.938438 47.162038 53.158503 52.617043 47.359013 42.044271 47.097576 47.626781 47.869960 53.096756 48.717118 45.079734 43.192786 49.562706 49.045817 51.065251 49.518903 50.480628 51.105177 49.596328 45.890242 49.639364 50.284853 48.975298 44.941981 50.660396 51.427303 49.390855 48.187814 53.074268 49.899388 50.540806 48.575509 50.048725 46.845466 52.424214 46.892455 55.288952 49.391974 50.002042 48.066608 47.967435 48.964179 47.540549 47.704844 47.441805 48.370356 50.363127 44.670819 48.265840 49.778214 52.231574 53.924775 48.909687
47.466822 53.706142 53.935472 48.791937 49.156767 53.847968 53.422712 51.100424 51.431701 47.971672 48.735646 51.004266 55.601880 54.281642 48.871332 71.620235 49.747214 48.706534 54.206622 50.313236 54.530303 52.481867 54.950961 50.831296 52.312032 53.393096 52.455559 51.473844 51.340828 50.256961 51.051394 45.354069 55.195846 51.541995 48.199305 49.599488 50.773622 51.303397 51.515290 51.493255 48.448937 54.719453 58.864561 56.256849 52.962956 53.343869 49.117141 51.528957 51.917552 51.978677 46.807369 51.581995 45.756933 51.906856 53.527911 50.006406 50.528378 49.059197 53.006498 54.471814 49.279229 50.378544 50.189083 52.729825 52.100455 48.596268 49.266274 52.986647 53.927673 49.351957 54.303376 51.481992 50.902562 56.118493 49.918779 51.191351 48.081616 51.473199 50.469943 50.793817 56.850118 49.221082 52.351784 49.783563 53.999384 52.779194 50.927905 46.888164 51.807927 50.026451 53.652717 51.299456 47.354145 51.482963 49.862725 51.321901 50.396926 51.056965 53.218830 55.197193 49.990683 48.195344 58.329704 50.415728 48.706534 54.205509 51.057687 46.972810 50.947145 55.128000 52.440529 46.234477 49.053240 51.816063 51.491230 50.837257 49.754201 52.196212 51.060526 52.084821 55.299848 52.967327 53.501540 53.720950 54.706669 55.041904 49.043425 53.859969 52.213434 53.301906 49.640330 48.052549 51.188245 49.963359 50.052804 54.589880 51.186997 50.703197 50.365301 51.056925 51.414815 50.970645 49.930825 50.365339 50.807983 54.605314 53.145499 49.976205 52.164081 55.464963 55.821673 53.285806 49.521699 53.673901 56.005241 54.742902 48.081050 47.109967 46.929189 51.310473 48.964805 54.772121 52.371172 48.121633 47.399028 52.220135 52.528713 54.961912 54.764794 53.962589 54.627753 51.020177 49.497647 50.052452 51.944564 51.260349 47.659796 54.033959 54.051653 53.211169 50.691853 53.795226 49.836285 53.174452 51.895130 50.156869 47.020628 55.020629 49.252554 53.541507 50.132272 53.047142 48.851829 52.992418 54.099017 50.413392 49.536416 51.675811 49.419870 52.766537 46.810281 50.787801 51.019715 54.605220 55.851765 49.952860
46.233204 50.513338 49.555355 44.473403 47.129337 49.408698 50.396807 47.795473 46.282210 49.171598 47.375056 49.869620 50.174350 51.428527 47.134236 49.747214 65.931671 44.804020 50.239041 48.360746 52.938847 48.183116 50.718803 48.384239 51.137823 52.247611 51.747438 49.907777 46.741579 46.016607 51.349909 44.323269 53.962835 47.784121 48.910130 45.874722 49.567164 50.026562 50.885840 48.529393 48.033410 49.267748 52.988555 50.907658 54.213127 47.405585 47.004860 46.882614 48.441300 47.538582 45.246246 51.129984 44.807151 51.107657 50.218401 46.136660 50.079839 49.196398 51.102632 50.343008 48.630879 49.219262 51.843989 51.775986 54.410118 45.589753 45.726101 50.713095 50.771924 48.470588 52.427785 47.688299 51.390755 54.602179 47.827139 49.654936 49.280507 50.192372 47.337792 50.412416 52.768907 45.961795 51.379657 45.919600 52.563122 50.606994 48.307290 47.229991 49.088580 49.890211 53.315460 48.406376 42.778837 50.395440 48.119172 46.150817 47.736250 54.101219 47.768048 53.521490 46.345701 45.621924 53.418008 49.506412 47.398289 51.160585 47.042126 48.986997 46.090712 49.142794 52.738258 47.192991 47.083433 49.833122 49.388311 49.128525 48.694523 49.171807 51.274058 51.644375 52.746520 49.333729 51.668667 49.210737 51.535832 50.774542 48.503712 50.000316 50.953839 51.757311 49.467490 48.461570 49.481324 49.337498 47.145565 52.785781 46.165047 48.646729 48.085031 47.381237 48.722103 47.133363 49.816426 47.913662 50.347300 50.549203 49.665148 48.032757 48.384726 50.290828 52.759884 48.825215 46.828812 51.082274 49.881047 51.309797 46.696398 43.186891 45.448045 46.710627 49.676413 53.022039 50.434355 44.691794 43.194768 49.515694 50.564282 52.938489 50.840111 51.356806 49.151953 47.489427 45.991242 47.676159 50.459720 48.725073 44.824345 54.858763 52.317958 49.703504 48.427213 50.017239 48.723058 49.207250 50.629321 46.865577 45.774656 54.104649 46.987988 52.780221 46.816186 51.323090 45.138955 49.176581 48.421312 49.004301 46.568942 44.962140 49.137317 46.798206 44.380446 48.202414 51.040571 51.997475 51.935738 48.487766
43.222493 49.930489 48.981640 44.550608 45.650957 47.730821 47.371147 45.438676 45.559315 46.484866 44.158833 47.889971 47.517067 48.799469 45.245001 48.706534 44.804020 61.667258 48.250031 47.670914 49.842736 48.708622 47.629710 47.987084 47.526881 50.694723 46.912981 48.228018 46.608341 46.652010 48.539737 43.962034 51.074558 50.599000 44.876763 44.874765 48.445040 52.448405 49.994778 47.383723 47.413594 48.674911 50.302769 48.571748 48.941001 49.752448 45.114469 47.316976 45.112536 45.119072 41.566435 47.779745 43.054346 49.515559 50.774904 44.449596 49.606051 48.896226 49.601854 50.557623 47.725943 46.687982 49.309502 46.428887 49.798857 45.039965 43.723380 48.493576 49.079633 46.404679 51.271086 45.980416 49.553210 52.507187 45.935774 46.118111 45.098637 47.024692 46.883447 44.885362 51.594700 46.017383 49.433734 46.425813 48.875141 48.465349 47.545278 47.458159 46.192469 49.618399 51.899673 47.162220 43.838469 46.655830 48.486596 45.298060 44.037039 50.488561 48.962740 50.067476 46.447421 45.806329 52.141259 47.657263 44.569300 47.570397 46.739091 42.203236 47.047072 50.644466 50.273906 46.171225 46.141740 50.920017 47.464986 47.301041 45.919595 46.705518 48.330212 46.564270 49.204182 46.802540 48.972023 49.019017 50.341403 49.794034 45.067264 50.149513 51.098151 48.845910 47.219544 44.813831 46.908129 45.971858 43.680129 48.438029 47.372941 44.803641 47.488994 47.514367 48.432726 45.896484 46.718708 47.207250 49.311669 47.386179 47.463580 47.305558 48.977971 49.831475 50.480016 47.781667 45.570134 47.542040 49.954130 48.914939 45.178045 41.087183 44.649429 48.386421 46.710838 50.148450 47.515185 44.306446 41.559497 47.595149 48.528518 48.291799 52.272870 47.050335 50.154642 47.983764 47.219125 46.539823 46.206312 47.441008 44.028519 48.506223 50.140148 48.431500 47.917658 50.866193 45.330316 49.418922 47.416593 49.970266 42.632842 50.070790 43.679105 51.656793 45.976191 48.367036 47.658621 44.914229 48.284726 45.015502 47.762284 44.620047 45.923638 47.656081 44.204639 45.978441 47.117692 48.112463 49.257438 46.788908
48.943561 58.006524 54.140565 51.691883 50.883481 52.708448 53.837293 50.560986 51.707244 53.921347 49.217804 52.449171 56.473261 54.270954 49.895445 54.206622 50.239041 48.250031 71.308463 50.824834 58.179887 51.956782 55.276004 53.548088 54.350148 54.534159 55.556723 54.028125 53.076792 50.308665 53.731505 49.026661 55.924499 51.739868 50.821087 50.084227 55.541687 53.100325 52.890448 51.508744 51.132696 52.074550 56.652008 53.777854 55.167812 54.505367 48.654231 51.951931 53.466686 49.326234 47.917258 51.198001 48.297394 55.431482 54.396070 49.252416 52.686092 54.016285 52.690285 55.659771 55.000314 51.403968 54.823632 52.148409 52.055053 50.066485 50.337016 54.152749 57.294625 50.333892 56.698057 50.360477 53.055465 56.337352 50.369165 52.660142 50.544254 54.188103 51.700764 52.840743 59.680137 52.700683 53.430520 47.929335 53.681662 54.096860 55.686070 50.825046 52.952202 54.503495 57.727714 51.076967 48.378447 53.522287 50.523003 51.406670 53.292935 56.455968 53.513008 59.294205 50.666108 48.290086 58.037348 50.635202 46.908342 54.206511 52.359128 48.271898 48.457942 55.001894 54.559962 50.913272 52.639623 52.640160 51.749432 51.499942 49.857802 53.230785 53.922435 53.029978 58.084608 55.590098 55.841380 54.263981 54.979476 55.778653 51.065575 55.999286 53.140306 57.087472 52.157441 50.644517 52.415956 49.262246 51.422288 53.300038 53.085733 52.251639 53.231154 50.830806 54.071961 49.043934 50.014462 52.554443 55.558142 54.052399 52.045466 51.949056 54.545278 54.174738 55.567374 53.863680 52.080555 54.110739 54.731682 54.553549 47.970751 48.083814 49.113122 52.258534 51.674701 56.430514 53.629213 51.048442 48.253600 51.951503 53.304182 53.960988 54.904022 53.176899 56.948022 53.500809 50.807086 51.155971 52.864927 55.174109 49.076206 55.445043 55.949227 52.922671 52.429486 55.147578 51.879187 54.460750 53.889101 52.686112 47.499048 57.263632 51.570726 56.961616 51.162295 54.916176 48.722574 52.112726 55.990281 51.808679 53.417516 50.930906 50.031403 52.768885 45.519140 50.706539 53.059699 58.113234 56.748957 54.610104
