229 229
78.105788 56.598044 56.801057 57.113089 54.945124 56.158640 60.974076 60.878737 57.856526 58.084867 56.276293 57.014801 54.834677 61.909711 60.272412 59.475115 57.104201 60.374391 59.722632 54.275067 56.575637 54.151796 59.946560 56.867065 50.980742 56.827501 55.823271 57.653430 56.888330 52.606844 56.702674 56.788638 54.842913 57.304972 59.373084 59.645540 57.078898 54.564250 56.743676 57.595669 57.427553 53.184526 56.164072 54.394303 59.108622 58.164063 60.176331 57.732311 58.348084 54.393019 54.651350 55.062762 60.356042 54.990082 53.349885 59.872463 56.469567 59.769244 54.105879 58.392870 55.729880 59.201454 53.630812 51.573720 58.583275 54.441071 58.050094 58.984366 57.672974 63.873738 59.538172 54.849565 61.230716 59.929365 58.989737 58.814298 54.525186 62.764957 57.479776 63.198793 61.111708 53.238937 59.119245 54.219908 57.209467 55.382392 59.927012 56.948701 54.190668 58.301621 52.708611 56.049723 60.132940 54.601708 56.045374 55.204488 61.105857 57.263144 60.443604 58.851700 59.053368 55.821305 54.669343 53.267867 52.177472 57.981368 56.814566 57.602943 57.260686 55.921922 56.490567 55.298384 57.069792 57.738424 56.063957 55.929310 54.583154 53.319135 56.418962 55.655534 55.834330 54.665229 53.848885 60.741500 57.181713 62.262507 51.705338 55.661275 55.329267 56.217594 58.739577 60.003956 61.543837 62.410219 59.456971 56.170385 51.423854 56.932436 56.020873 56.309226 52.600241 59.864174 59.201958 57.751138 60.214985 55.170926 59.562795 56.065459 59.314896 59.648897 57.578051 61.476879 54.365855 53.750086 56.351097 55.363968 54.548098 53.121946 59.808786 59.857078 56.243647 57.062972 56.534384 54.949816 55.650102 54.170208 56.806215 59.851527 55.693291 50.189062 60.121840 57.418529 59.760262 58.281137 61.051025 57.777322 55.210843 59.476557 56.572213 54.608791 58.397368 58.697479 55.242550 57.022280 57.827154 60.004319 57.163339 55.470726 56.161029 60.468261 59.552910 59.899753 56.032667 55.047614 60.033647 56.711238 61.163544 56.857116 59.524887 61.199126 53.728825 54.495831 57.208775 58.047861 51.849659 56.194292 57.897159 60.076299 59.836305 60.174205 55.683559 57.497626 59.986214 56.105444 57.372967 53.892177 56.648765 56.954345 55.941410 58.489628 55.234929 53.965706 58.236593 55.849935 54.592305 60.670040 59.375761 55.462008 56.956971
56.598044 74.896845 59.047508 57.601424 48.040522 56.176795 57.285507 58.933922 56.410049 54.326958 58.729866 54.989100 52.222810 59.463705 58.441953 61.410562 56.275837 57.725217 57.488978 54.570927 54.791054 53.482624 57.292226 55.350164 55.468520 52.386296 52.950379 54.711297 55.449554 54.673287 53.670377 58.415786 53.839840 57.355199 58.960252 56.383485 55.856478 56.530761 52.505941 51.823379 54.433218 52.507806 56.251025 54.743142 60.127519 57.505409 59.723111 57.322849 56.881400 54.253840 55.329706 56.113222 58.984642 53.843312 54.431448 58.917798 53.456184 59.998680 52.499542 53.543294 52.487510 58.489220 53.117629 49.116456 60.735524 53.824959 55.788266 60.290732 54.607294 62.224861 58.837675 52.534244 59.382652 60.627022 60.532252 55.333223 53.777795 59.177469 55.114229 59.178088 57.823502 51.436156 59.832025 53.335160 55.457059 54.506620 59.692472 56.995350 53.686522 57.423103 51.411169 54.451781 59.759260 54.092922 55.685403 51.087944 59.961542 55.095184 59.631245 55.869195 58.823772 54.615966 52.909377 52.159453 53.432932 56.488223 56.324220 57.871338 56.427455 56.699211 56.286164 54.715182 55.479992 54.759996 54.192971 53.168704 55.391829 53.693443 52.425324 56.137474 55.580568 54.564745 55.955142 55.147232 53.825376 61.119972 51.710399 53.737708 54.421554 56.429806 52.999319 59.451982 60.697693 60.957526 55.885482 57.216151 50.452040 58.019780 55.211590 55.318173 52.673711 59.339137 57.535532 57.581117 56.626414 56.365165 59.449162 52.891158 58.023800 57.343165 59.575798 58.544683 54.559493 53.957732 53.912327 55.835983 51.658141 50.891912 56.101320 57.708837 55.774748 53.944685 56.324571 53.867858 54.501051 51.243292 57.228821 58.287493 56.379903 51.521569 57.660957 56.691115 56.449547 57.245797 55.570864 56.537865 55.483422 55.570708 54.712677 57.329520 56.247059 54.210791 55.460980 55.769380 56.737274 57.105815 54.213439 54.178563 55.822693 56.568659 56.687588 60.305858 53.997150 52.332136 59.041355 56.854625 58.783321 55.715442 57.199105 60.016456 53.527321 53.877285 52.035794 56.598722 51.004266 53.121530 55.235467 59.329809 55.790902 53.526237 54.854001 57.492254 57.664813 52.659762 58.463594 53.660143 57.680237 57.073779 55.679171 59.228877 54.924303 52.617780 58.368345 54.544791 52.916985 60.772598 59.937511 54.953136 54.651567
56.801057 59.047508 79.483148 60.392133 54.439865 56.170956 59.254411 59.617454 62.403313 58.455448 57.438480 56.209496 55.727321 61.055331 58.140767 62.275264 58.925006 62.757274 59.314324 59.098275 56.929260 54.747437 59.569463 54.590479 56.004788 53.273621 55.912924 54.437471 56.747441 57.021493 58.894604 60.638908 57.926077 58.674608 60.931878 58.226632 56.764589 57.671917 54.984894 57.135321 55.666883 51.527743 56.949606 56.144655 63.102349 61.490532 61.100901 61.221194 57.874619 58.367159 56.593991 57.099761 61.893428 59.251409 52.434898 57.646942 57.623394 62.007930 55.106285 56.354100 56.621971 62.306851 55.347312 52.411546 60.623930 57.415755 55.846311 60.772237 58.777779 66.590922 59.076524 55.000415 62.723393 60.363808 61.750906 57.782080 54.141585 62.637269 57.718103 62.117310 59.308905 54.387024 65.242581 58.346597 56.414657 57.353493 61.594347 62.868116 55.754889 60.312395 54.215907 57.271340 60.235360 56.525158 56.539569 56.540642 62.114501 57.879573 64.140880 60.373687 57.692123 55.776361 54.506734 53.587909 57.465162 59.566102 57.107112 59.515285 56.757412 56.158228 57.498398 57.784712 58.781370 57.438401 56.793241 58.829809 58.934581 54.039787 56.215190 56.211093 54.993104 57.555954 56.896356 59.141212 58.267486 65.066304 52.339483 59.871197 57.751977 58.920445 60.017592 62.388897 61.437931 61.695565 63.738922 59.020606 54.300252 56.710319 56.239231 57.572256 52.409913 60.173799 60.359090 57.974731 59.696048 56.550203 60.712412 57.520994 62.290548 59.187146 60.502093 62.877476 57.011201 55.902191 55.026370 55.290191 54.623516 54.686458 59.600616 60.778920 58.484418 55.983742 57.036533 58.807719 57.268709 52.989100 59.048201 60.055922 63.237402 53.548589 59.568114 60.610682 58.425511 64.663204 57.324345 56.114449 57.645257 57.154642 55.439196 57.847086 60.170047 59.322239 59.125171 58.575337 60.115522 58.549650 58.890782 56.992032 56.212484 58.306229 59.387092 61.376797 58.368316 55.323304 63.412623 59.267627 60.469921 57.813011 58.113014 63.460917 55.472158 55.160106 57.467302 57.864526 52.428772 55.026692 60.323180 61.688220 58.232037 57.817836 58.137882 57.856670 61.454572 54.164459 59.718281 58.362334 61.566893 60.987317 58.514307 61.258683 57.942957 54.797833 61.217795 57.379517 56.237589 60.935494 61.827567 56.552157 58.093761
57.113089 57.601424 60.392133 77.828969 53.677382 56.402489 57.704219 59.859505 59.970486 58.119142 57.502246 55.016913 53.855079 58.420889 59.123594 61.054220 57.625738 61.322714 57.793276 56.978634 58.411688 51.579812 59.010513 53.103069 54.754763 52.090952 51.789685 54.418682 54.798519 54.693874 57.238564 57.317392 53.652116 56.700930 60.157696 58.817699 56.752091 58.753447 53.771379 55.524615 54.831172 53.294062 56.632599 56.900012 60.053968 61.348475 58.365919 56.866517 57.982524 56.930223 54.651088 58.486032 60.321761 55.358700 51.679723 57.176510 55.691296 58.491104 55.097772 55.336790 54.466252 60.475656 53.226906 50.899274 59.358643 57.448436 57.953911 60.479031 58.968202 59.224094 58.563030 53.427038 59.830285 62.252095 60.477973 56.425050 54.204821 60.497899 54.418394 59.784952 59.025174 55.611542 57.863000 55.353620 55.989263 55.815416 60.215579 58.445325 53.666907 58.013101 54.525408 55.231943 60.189328 55.212105 53.081310 55.369391 59.720206 56.516566 61.004124 59.526911 57.691736 56.976949 55.015069 55.020512 53.470717 57.601636 57.018767 59.120523 56.936256 55.683953 55.949908 56.525241 57.556747 55.525300 55.501755 54.568541 54.799991 52.094252 53.181130 57.819607 55.782960 54.155164 55.307115 57.889838 55.437728 63.618687 51.942751 54.916706 57.464930 56.355352 55.922549 61.490589 61.327543 62.328700 60.180409 59.653461 53.787347 57.668941 58.083736 55.804647 55.717685 58.981486 59.213511 57.861662 59.306288 55.260666 60.921882 57.324193 59.425822 55.397647 59.524264 62.345393 53.371797 53.346046 52.314441 58.432493 53.679812 51.919305 60.896244 61.525300 55.120723 54.862546 56.120679 53.014919 60.059086 54.540496 57.094940 59.423018 57.362500 52.771267 59.646495 58.798251 57.626511 58.650845 57.152786 56.954378 55.614266 56.485498 52.777238 55.892671 58.673687 57.570047 56.727651 57.048591 59.455346 56.883321 58.296139 53.181576 54.034534 60.954057 56.565490 59.648258 57.502330 54.549981 61.587892 57.566038 60.967764 57.978991 56.088937 61.068547 52.656857 53.873364 55.843127 57.997442 49.905761 51.861193 57.156613 59.843721 56.875578 56.218743 56.791733 59.423336 60.448946 55.378976 61.884939 56.179732 59.761441 56.692107 57.836845 57.325268 56.408758 57.904426 56.920721 55.640423 54.970663 60.150284 58.718351 54.218920 56.647173
54.945124 48.040522 54.439865 53.677382 69.982797 51.665807 56.189138 55.652288 54.890897 53.740946 50.705867 49.872583 51.565205 53.898351 54.152053 59.249908 54.059261 57.790741 56.293539 52.226425 52.776976 50.167657 56.802937 50.170759 50.947961 50.750970 49.277626 52.501926 52.397894 50.761644 55.398257 54.389419 53.155965 52.807078 54.581238 53.481971 53.217420 50.907563 50.763433 49.711694 53.191409 48.841087 53.183489 51.015080 57.974173 56.145831 55.613873 53.512913 55.738929 51.945118 51.104757 53.642110 55.519920 51.973577 47.591278 53.561028 54.820980 55.228239 50.551150 53.777491 49.227824 56.642208 51.458768 47.592570 54.152892 51.381659 53.206939 57.903286 56.301272 58.858131 54.295767 51.041324 56.811075 55.664189 58.677708 53.262232 53.585179 59.135717 51.980689 56.845650 58.023750 52.523300 55.183709 51.531981 50.877726 50.641044 55.687591 58.054784 52.073178 54.261874 49.703220 51.831191 56.108758 50.028536 50.643604 52.855115 57.660907 53.214898 57.496913 55.822171 56.323830 52.455394 49.822730 51.555996 52.167691 52.456372 52.079774 54.871112 54.145052 49.598830 51.619353 53.464237 53.936920 52.495603 53.683625 52.363112 50.057305 50.412996 52.515788 54.268647 51.753346 50.719005 51.594956 53.891710 54.131327 59.325045 48.587502 53.675186 51.512824 50.210805 53.542431 55.920420 58.733135 56.742794 55.340090 53.584157 48.934020 55.225460 55.172701 54.622409 51.402765 56.840342 55.141835 52.388241 52.026400 54.249430 53.266446 52.072455 55.398837 55.198534 55.965281 56.019672 50.610603 50.979585 51.180943 52.866349 52.827728 47.244061 57.359707 54.807777 52.726924 51.080123 52.206202 52.835915 52.277070 48.876168 53.518693 55.148626 54.918062 51.121404 52.601554 55.938555 55.687764 55.738505 55.703964 51.322493 52.991388 54.852411 51.228803 52.526970 53.432503 53.159561 54.029771 54.088318 52.683795 54.334001 53.839888 49.888170 55.289566 54.633011 55.625182 55.788829 53.306775 50.162286 55.880589 53.981510 56.955170 53.607068 54.460829 57.421819 51.374313 49.314859 51.340966 52.361457 46.184284 50.074769 54.277856 56.889474 55.262345 54.484490 55.046423 52.840006 55.023728 49.859153 54.768979 50.486765 53.039684 55.638581 54.435001 53.580679 52.754785 53.259553 55.380920 51.600611 51.520647 56.305550 55.910326 53.863827 52.023481
56.158640 56.176795 56.170956 56.402489 51.665807 75.537832 56.905154 57.849880 58.660891 55.837884 58.072146 54.105955 54.417876 57.326731 56.921040 62.958251 56.621135 60.985887 58.524670 54.810986 54.013104 53.360288 60.489234 54.893640 52.042925 52.358009 54.067398 55.431310 57.314628 54.294926 55.236538 58.241642 54.963158 58.685823 58.465035 56.830237 55.903685 56.941995 53.791281 54.644125 54.494482 52.994462 55.551722 53.226138 60.227147 58.644602 59.796647 55.134205 57.722231 54.555942 55.206417 56.562629 59.281391 55.120947 52.774922 56.973582 57.848165 58.606955 55.569456 54.346951 53.460577 59.563122 50.350711 49.365018 58.376099 55.560736 56.222708 59.458773 56.872378 61.480202 57.810482 56.229216 62.558567 57.562569 60.135764 53.036005 57.262983 64.711916 55.596963 58.522292 59.184785 55.139522 58.776902 54.814794 57.809681 53.648539 58.304938 58.028441 55.527689 56.502773 54.960957 56.716014 60.582826 55.819396 55.498226 51.970989 58.178283 55.413351 59.355654 56.174426 58.911015 55.962429 53.211887 53.049840 54.386435 58.469318 56.752608 60.046334 56.559465 56.058094 57.608329 55.944369 55.208470 57.476675 56.815577 55.069039 52.372356 53.155381 55.435422 58.896320 55.354467 57.166428 53.720740 57.839735 55.439448 60.097993 51.328500 56.255128 54.414305 56.726004 55.602229 61.519221 60.525883 60.346383 58.693544 56.480270 54.081380 57.078346 55.104039 57.723815 52.943472 56.689998 57.542838 54.983238 58.045853 56.715439 58.546871 56.192848 58.843539 59.027709 59.058918 59.575002 55.473418 53.673976 54.176925 54.810741 56.181441 50.960174 60.128548 56.972191 56.491384 55.558859 56.177115 54.653142 56.667310 52.282005 56.121472 56.918439 56.368772 52.174519 56.018984 59.069444 59.151639 60.678872 57.276780 54.762567 54.608189 56.675802 53.781068 55.840337 57.922575 58.289187 54.292970 58.072687 55.835392 58.985711 55.814507 54.277253 55.582451 60.423363 57.357631 57.895892 57.396440 54.754824 58.716589 59.538010 59.634529 58.573923 55.626161 59.062035 52.705505 51.829052 55.017870 57.131065 50.370688 54.604350 58.158980 58.113833 56.432148 56.585922 56.982788 55.253220 59.846905 54.691740 58.476675 56.915434 60.160434 60.259500 55.768055 57.367358 53.433710 52.637122 56.830073 54.771924 54.395596 61.294665 61.866567 56.271080 55.277494
60.974076 57.285507 59.254411 57.704219 56.189138 56.905154 80.053915 59.217205 59.723125 59.325457 56.630317 54.527526 54.586326 60.896512 59.861832 64.704574 57.299811 61.933834 62.018578 56.971365 56.932737 53.931926 60.564142 54.820051 54.082957 55.821977 56.166726 58.323660 57.608182 54.306271 58.858644 59.018340 57.223097 59.293940 60.498260 59.592958 57.978461 58.382530 56.714827 55.105410 56.478878 54.733352 57.743546 57.738351 61.139732 60.262192 58.959035 60.148630 60.811318 54.074794 56.899942 56.730221 62.408238 56.638284 53.237870 59.274102 57.286493 59.966686 55.916409 56.475383 54.691181 60.796076 56.896598 53.369757 62.220082 55.715699 58.144865 60.344720 57.270313 63.492391 61.021320 55.498947 63.946272 60.766582 61.366284 57.088454 59.262692 62.147603 52.971079 61.744279 60.851902 54.984256 61.257540 56.249815 58.393648 54.926479 60.158800 58.848826 54.284381 59.402688 56.238073 57.117940 61.103420 53.091952 57.726845 54.965221 61.697869 58.860274 61.960681 59.976084 58.452617 57.717293 58.473161 53.979159 58.094841 56.802326 58.397300 59.767039 59.847765 57.484560 54.809080 57.344812 58.448907 58.348204 57.905340 57.185205 57.050012 54.228072 58.593543 56.369146 58.837700 55.787653 54.887030 59.508182 58.748169 62.637663 54.470752 55.078855 56.118992 54.944060 57.623375 61.618418 59.651464 63.236021 61.560550 58.612783 55.821028 59.645059 55.685121 56.214987 55.855129 62.081612 59.579953 56.818441 59.811124 56.233016 61.148618 56.746048 58.766238 58.710588 61.573011 61.716364 53.889311 55.905431 57.660002 60.130524 54.557017 52.780393 59.448388 59.474807 58.957347 56.202684 57.043683 58.721291 57.284923 54.096029 56.564263 61.926948 60.258749 53.212700 58.232865 57.268370 59.549226 62.520899 59.147493 55.473309 54.812529 59.912854 56.867712 55.980835 57.915274 58.214634 57.284114 61.720975 58.615868 57.596215 59.049473 53.062252 56.700233 60.308318 60.177697 62.587519 59.188896 56.397006 62.929107 60.573629 61.250167 57.659678 61.542977 60.996853 54.619108 54.887301 56.453993 55.899721 51.543359 56.922836 60.726006 61.882699 60.326666 60.178022 58.234874 59.485561 62.534409 53.038725 59.109692 56.898656 58.551553 57.625230 57.000060 60.072784 58.408985 54.853016 60.347848 57.478352 56.253844 62.139697 62.741640 57.403450 57.863024
60.878737 58.933922 59.617454 59.859505 55.652288 57.849880 59.217205 84.586928 60.689720 63.616761 60.349331 57.635316 55.859499 60.016247 62.176724 64.370801 57.318724 64.841429 60.880529 58.128778 57.056113 54.539775 61.209486 58.401066 57.572168 56.640684 55.844658 58.663240 58.799492 58.899757 58.026117 60.552343 57.868457 58.614773 61.333228 59.692762 57.736037 54.928448 56.761160 56.734884 59.584385 53.089270 59.035531 56.639265 66.173678 62.398543 62.578908 59.555348 60.188190 57.004412 58.243148 58.948540 62.761861 56.302009 55.870333 60.484111 58.206607 61.027856 56.095791 57.038660 56.503094 61.033219 54.505960 54.896142 62.724897 57.183168 60.737391 62.027449 63.103661 63.746368 60.533840 55.813547 65.048481 61.746903 58.460886 59.588785 57.283231 64.452298 58.395918 60.907563 63.464429 57.472070 63.031740 59.325575 60.404179 58.972947 61.154811 61.611449 57.800940 57.309547 52.756105 56.206880 62.721786 58.577805 59.562661 55.022182 61.860801 59.616086 62.234407 59.252909 61.999697 59.806619 55.668592 56.087606 57.005328 59.117096 59.597983 61.147541 61.403364 59.357299 58.366728 57.781301 58.966209 56.913931 59.505304 58.854929 55.745212 57.231638 59.139884 59.922476 58.154114 56.778642 59.370598 58.125141 59.919873 63.921128 55.106076 57.830773 57.718036 56.685233 60.861594 63.731323 65.254261 61.909810 60.610417 57.643693 56.457436 58.013660 59.454814 58.273573 56.445130 62.462032 59.762249 57.409668 60.467696 59.217604 61.956276 58.341857 63.999607 63.137403 62.654015 65.227303 54.802867 57.802450 56.740547 58.860309 52.928186 53.570553 64.661594 62.219754 58.201779 57.906589 58.363532 58.347517 56.634440 54.984583 59.795046 61.560927 59.723761 53.459958 62.584395 63.555494 61.587157 61.387447 62.667048 55.903764 58.497438 62.412568 58.390487 57.880499 59.297464 59.499733 56.022660 58.863962 61.756328 61.307023 60.296043 55.660593 59.555758 59.811458 60.421334 64.060581 59.803992 58.835047 64.760594 60.278214 61.892710 59.410757 59.320404 61.872971 58.907240 53.832835 59.096793 58.350393 53.630960 56.176597 59.440880 63.265537 61.046394 58.315790 57.939172 59.980227 60.860047 55.906285 64.774346 57.185279 61.209825 61.381574 59.662371 62.358433 57.748096 58.869030 58.568168 60.664633 58.343777 60.916134 60.571750 55.705655 55.857195
57.856526 56.410049 62.403313 59.970486 54.890897 58.660891 59.723125 60.689720 83.194368 61.296852 57.923775 58.760214 57.452799 61.967379 58.556717 62.831781 59.399833 62.168371 59.173363 58.453933 57.731140 57.654323 62.139382 59.225086 58.008196 57.179822 57.495866 57.682201 60.007411 56.998878 60.097396 61.313080 55.895573 60.818787 60.559136 62.085430 60.459909 60.444695 55.063821 57.068361 58.010121 56.790310 57.268427 56.374785 61.713630 61.890584 60.257427 61.447573 60.680993 56.050898 55.235493 59.289594 60.304304 57.577523 53.751070 59.502247 59.951276 59.732827 56.875540 58.767797 57.956469 60.722446 56.514666 54.408251 60.557965 58.191137 58.523107 61.234184 60.842727 65.680721 59.179836 54.664952 64.172436 62.140217 62.094797 57.846303 56.116614 64.448712 57.525142 62.166056 62.180603 55.089510 62.569022 59.986113 59.651898 59.245778 63.335386 63.085754 57.973704 61.918392 54.784876 59.607245 62.978729 56.159157 59.706086 55.065001 61.913282 59.525992 63.858123 61.470597 58.453185 58.588508 54.498902 55.789571 58.364165 59.246241 57.497084 59.995436 58.056377 58.048316 57.893150 58.456830 57.492153 57.671554 59.602302 58.857101 58.211674 56.735086 56.390766 58.551062 57.792748 55.882962 55.469787 58.922105 60.691382 62.727024 53.055977 57.713669 55.605932 59.403139 58.475992 62.503849 64.401553 62.381078 60.686916 59.935885 55.974819 59.388214 56.337110 58.976494 55.877998 64.221393 57.917119 59.227886 61.338099 56.600854 61.112401 59.045070 60.969374 59.255773 62.957088 62.715134 56.858729 57.469260 55.833995 58.385684 56.512467 56.472864 59.934359 60.006148 59.604623 57.797328 56.951215 57.442740 59.032059 57.250379 60.520176 62.280696 59.210495 53.388699 59.127883 61.291089 60.891028 65.168155 58.465826 59.649313 59.947743 59.137971 57.052341 58.200939 61.272979 59.142918 60.283932 60.285951 61.494739 59.950840 59.067094 55.326466 58.971874 61.757720 60.928598 61.491598 60.317960 57.022432 62.901825 58.254554 60.357411 61.903431 59.396388 61.688830 54.996851 55.775626 58.570864 61.275850 50.065128 53.258810 60.910226 61.353228 58.601620 56.504538 59.661872 60.993710 64.145414 56.032298 63.019176 58.299872 61.745644 59.350093 59.759737 60.412329 56.156696 57.346145 60.747410 59.057060 58.105950 61.521574 61.604091 56.502179 57.495657
58.084867 54.326958 58.455448 58.119142 53.740946 55.837884 59.325457 63.616761 61.296852 81.645416 60.160540 56.387294 54.309511 60.729318 60.128440 62.241278 58.074078 62.525818 59.321448 56.521497 55.923695 53.573281 61.281743 57.575803 55.609106 56.891098 56.778524 58.383253 57.078250 58.097675 58.187222 57.213591 58.091669 58.650616 59.798976 57.347915 60.905665 55.342634 57.320217 58.971655 57.952420 54.643978 59.987523 54.985835 58.135887 58.794899 60.121796 59.769660 58.446080 55.011940 56.402821 57.166672 60.431054 54.759638 53.533023 59.364500 56.410842 60.216932 56.091834 57.346111 54.447327 60.831424 53.217388 52.161016 60.557191 58.514661 59.874568 60.080925 59.408943 65.060035 58.792115 55.139420 62.629845 61.033830 59.169490 56.762195 56.563462 63.958036 57.354601 61.249891 61.870612 56.312771 59.944126 57.042239 59.000796 57.490131 62.951490 61.464754 56.630319 57.553012 53.957795 55.604567 59.338655 55.086658 59.391832 55.735203 61.386811 56.757180 61.867893 58.652265 58.814359 58.200619 55.391116 54.364916 55.579628 56.869292 56.808968 59.258756 57.945747 56.174341 56.135976 59.765306 60.239227 56.380787 58.411289 58.833572 55.911112 53.581936 58.241138 56.093745 54.541831 55.520519 57.456028 58.019920 57.800981 63.723179 53.744325 55.254930 57.502873 56.609759 59.635768 63.200012 63.803399 61.438411 58.926675 58.640187 55.971381 59.115556 57.387898 58.405765 53.059825 60.351882 57.022748 59.088876 60.398223 58.679253 61.769259 56.071231 59.127858 59.764436 60.259656 62.931749 56.199448 57.324274 55.209017 57.955719 52.176221 53.165238 59.302877 56.803075 55.441712 56.530912 57.562506 55.611324 55.394243 54.715749 60.529078 56.866381 57.401672 51.796361 59.218909 63.198413 58.602192 63.807392 58.487194 56.900773 55.410012 60.554237 56.871502 56.239342 59.064600 58.970175 58.596726 59.085486 56.547650 58.047014 58.298616 54.248916 56.165682 59.707063 60.931445 62.785188 57.132188 56.457837 63.908417 58.249814 61.684010 59.037004 58.331052 61.216250 56.539447 54.190244 59.331128 59.227991 53.050650 55.077493 60.438078 62.685439 59.960254 56.927660 56.773939 58.400047 60.373227 53.343110 57.806529 57.211002 58.962281 60.125575 56.357394 60.520091 59.626291 58.024462 61.284689 57.397833 56.673822 63.590980 62.260980 55.596653 55.030193
56.276293 58.729866 57.438480 57.502246 50.705867 58.072146 56.630317 60.349331 57.923775 60.160540 76.453727 54.343861 56.306683 58.561448 61.848058 60.285710 56.098561 62.222867 58.297720 57.506018 52.598198 52.929620 58.596529 52.984930 53.863246 54.079556 53.518128 57.978194 57.260848 54.667658 53.488282 57.516059 55.432054 57.107478 57.832021 58.679406 57.405115 57.154638 54.120379 55.046912 55.098652 50.216749 56.547289 55.785799 60.754710 59.436848 59.400371 59.965012 57.996522 54.967940 54.689964 57.626124 61.418995 53.149648 53.714271 58.348878 56.429659 59.352645 54.337530 53.510209 54.698750 57.530919 52.762044 51.585518 59.942690 54.365765 60.016949 60.706300 59.244640 61.599400 59.520913 53.901266 58.293638 58.364479 59.127801 56.199408 52.678034 63.500238 55.747864 59.777065 61.469891 55.241273 61.334478 56.237908 55.788369 54.030935 58.950323 57.991492 56.386109 58.644692 53.466416 56.255656 59.155919 52.774275 55.316783 51.651496 58.096494 55.565429 61.689665 56.931287 58.899230 55.704451 55.313495 54.095616 56.141296 58.710079 55.423232 59.719225 57.241058 55.774819 55.345790 56.285419 56.700317 57.402288 58.130160 55.840484 55.926029 54.268360 54.925129 58.081017 51.494958 53.533464 55.347365 56.328709 55.601258 61.721391 51.227258 57.602845 53.901819 57.410464 58.315293 60.106192 60.355099 60.524408 60.050751 57.869542 53.418106 55.293343 57.655797 57.186768 52.335773 58.453419 57.997080 56.763261 59.357298 56.996830 62.408090 55.210957 58.108365 56.383767 58.586472 60.977182 52.753184 54.968890 53.566699 54.699172 53.056402 50.791596 59.229224 60.598932 56.004780 54.224076 54.891135 55.819468 57.009538 53.276707 55.302507 59.898255 57.446955 52.546724 59.527422 60.359115 57.454137 59.564665 55.222103 54.854308 52.859582 57.691147 53.587883 54.620884 58.577746 57.027966 54.670609 57.616903 56.398101 56.102950 56.548263 51.859916 55.331546 60.201464 55.975964 60.853510 56.414730 55.708464 60.236104 58.188458 59.170928 57.229645 56.983403 59.574340 53.065403 52.084161 57.341634 55.614295 49.732767 55.163696 56.163406 60.019998 58.271974 57.305552 57.107246 56.748135 57.833852 54.264855 59.314108 56.907386 57.634862 56.866407 56.827319 57.981139 55.411547 55.937470 59.072957 55.584401 55.426658 61.748873 62.378843 54.850766 57.503774
57.014801 54.989100 56.209496 55.016913 49.872583 54.105955 54.527526 57.635316 58.760214 56.387294 54.343861 73.089383 52.890103 60.830702 56.933587 60.191620 52.886335 56.990261 55.988054 52.925163 53.601605 51.848084 56.961575 55.026449 52.516003 53.024451 52.466139 53.618288 55.215677 50.073166 54.633737 53.192639 52.564123 55.252036 55.051959 56.447004 56.688222 53.284425 50.951228 53.426367 54.960405 48.418299 56.829661 55.014668 58.109983 57.013360 60.984268 55.950490 56.556873 53.710462 53.545683 56.383446 56.138021 55.610985 50.513786 57.132993 53.365114 57.830008 53.427842 54.191709 50.985774 58.383609 51.172425 47.298014 56.049926 55.243515 55.360881 57.589249 55.971377 59.051843 53.509363 53.633834 58.984850 56.429468 54.179604 54.067450 56.185692 58.410879 54.727873 57.314820 58.250298 51.550355 56.868555 52.002236 55.422772 50.418848 56.898170 55.395873 53.492162 57.725623 50.555202 53.809004 58.756897 52.848568 53.365490 50.671882 59.838401 55.082814 58.326300 53.634729 54.622614 53.917065 49.566972 51.530626 52.219437 57.097185 54.440806 56.502471 56.158807 54.281526 54.383255 53.688448 54.228272 52.945600 53.800715 53.586937 52.408095 54.350688 54.641835 55.365367 54.406316 53.368254 54.059029 55.226567 55.647683 61.233662 51.344514 54.039314 51.093391 54.818285 54.270570 55.536371 59.064195 59.169457 58.308130 54.291939 49.943245 57.325400 53.321845 53.570152 52.815723 58.623050 55.925152 55.076425 55.449982 54.849103 56.884435 56.760284 58.755319 57.857295 58.377366 57.747104 54.124535 52.729546 52.802429 53.211010 50.558477 49.830944 56.567904 58.263419 55.475422 52.936219 54.650960 52.698916 54.460589 50.005402 56.481945 57.548789 54.418666 50.405720 58.125943 56.388866 57.542379 58.963193 57.083587 54.721664 51.027389 56.569007 53.519601 51.968786 56.858566 54.083901 51.241997 56.212787 55.852500 56.554132 55.597408 51.206380 54.644082 56.834399 58.124423 57.854931 53.201679 53.395905 58.821525 53.478881 57.510357 54.795852 54.776498 57.137926 50.237267 51.543384 54.592910 56.637484 48.656555 53.121375 57.294879 57.067781 55.342674 55.096413 53.686461 54.590282 58.370186 50.652572 59.735328 54.084548 56.363353 55.945636 55.370341 57.688063 53.230537 55.098400 58.062583 52.746110 52.737827 56.542753 57.821253 52.461806 53.736739
54.834677 52.222810 55.727321 53.855079 51.565205 54.417876 54.586326 55.859499 57.452799 54.309511 56.306683 52.890103 69.793811 55.233699 56.608665 57.565797 52.368267 57.841682 55.260933 51.873333 52.180583 50.414750 56.112952 51.948680 52.151290 51.389931 51.740706 52.272019 52.860883 52.823064 55.437523 53.584191 52.889515 54.021003 56.183274 55.328385 54.701811 53.578563 49.773126 50.336672 53.100574 50.517130 52.472738 52.409163 58.512163 56.582217 57.251826 56.403879 54.666997 53.483032 53.396134 53.891235 56.195216 50.511086 52.249687 53.568885 53.256622 55.606200 50.911809 52.851814 51.327003 56.438612 48.766235 50.569352 56.311341 51.019472 53.529248 57.788077 55.782548 58.482852 55.942149 50.789765 55.498683 54.946587 55.975672 54.125192 50.123666 57.848103 54.418748 55.208329 58.231513 51.783111 59.396502 51.753125 55.531060 49.941636 57.500012 56.181987 53.792501 54.053192 51.122165 54.505302 56.996541 51.686422 52.113902 51.692154 56.435831 53.794805 57.304257 55.050502 56.751916 52.906840 49.837755 51.346128 52.201853 55.730188 53.432659 53.580920 55.698174 52.162431 51.761682 54.093490 55.791495 55.117758 54.203868 55.425347 52.290384 51.529837 52.005021 55.994840 49.308016 51.384202 53.389874 54.695900 53.565468 59.468174 48.915533 53.288818 54.013321 54.033235 54.286827 56.854964 58.030100 58.747931 56.622886 55.913759 52.804308 54.652416 53.822931 54.528771 50.153139 55.802138 54.213030 54.063289 54.593236 53.597523 56.564741 52.105186 56.678657 51.747888 57.144405 57.741564 50.493681 51.811321 50.504232 52.035160 50.952930 48.518949 56.004368 57.113198 55.756382 54.871512 52.630760 52.898396 54.034367 50.265254 52.678393 56.683701 55.385193 50.280677 55.229049 55.684866 55.874404 55.920583 55.529756 52.645852 51.917099 56.076023 47.853921 52.512513 54.275103 54.289950 52.061333 55.406836 53.159545 56.421559 53.495009 50.333052 54.191476 56.557051 53.367696 57.278050 54.175464 50.973339 57.867130 54.421359 56.651484 54.540060 53.794259 56.702609 52.521001 50.983573 52.428082 52.362354 46.414148 51.761222 55.347659 55.911255 54.689282 53.067947 56.505093 54.349749 58.023689 49.435613 55.298523 53.239383 53.825022 55.484404 54.245693 54.050229 52.157593 51.879345 53.746188 51.696449 53.367864 57.306427 57.688070 52.077416 52.745622
61.909711 59.463705 61.055331 58.420889 53.898351 57.326731 60.896512 60.016247 61.967379 60.729318 58.561448 60.830702 55.233699 83.738160 60.580610 64.627443 59.431592 61.398233 57.776861 56.629735 58.446969 55.471540 62.065661 58.516485 56.233292 57.296337 58.300212 55.244706 58.775263 56.994582 59.930927 60.150926 56.281761 58.343410 60.805141 61.361640 60.611028 59.997432 59.045116 57.480633 56.471153 53.388065 58.656459 58.929103 61.418178 61.413986 61.640928 62.160749 60.194611 54.353695 58.394317 58.837138 62.919042 58.410562 52.239095 61.762231 57.450331 61.560747 57.201868 58.008499 57.446859 60.689274 53.889290 51.266717 62.833357 59.596521 59.757723 61.724991 59.761619 66.601180 59.965593 57.481155 62.642182 61.370616 60.079760 61.038848 59.933535 64.771036 59.416896 63.111005 60.683305 56.920019 61.142982 56.764872 60.512754 55.060067 62.333328 62.470034 56.628809 60.595416 54.083851 58.758713 62.845098 59.231737 57.069178 57.400900 65.207886 59.872408 62.803675 59.613817 58.658112 58.991471 56.620529 55.190228 54.290367 60.750158 57.014696 61.621903 60.026466 56.671600 57.199691 57.090103 58.996353 57.106584 57.578322 58.264611 57.948947 56.313828 59.194184 55.906591 56.673309 59.035547 57.606830 59.518110 59.489288 62.765715 56.767910 56.026870 57.251820 56.992299 58.730149 63.888406 65.731496 61.682092 60.525833 58.504987 54.478613 60.455641 59.080766 60.487285 57.466640 63.061243 62.947377 58.731967 61.908173 56.865329 61.113815 60.016626 62.064449 58.984169 62.440985 63.531294 57.342372 59.822755 58.278797 57.088815 53.351560 54.958721 60.919410 60.478914 61.344081 56.277475 59.102163 58.547831 58.535437 53.272489 59.411236 60.706878 61.942939 54.028438 62.106599 60.710554 61.207557 62.254184 60.439391 58.476657 56.555216 59.424962 56.696850 57.939435 59.908411 61.185386 56.088838 57.446788 58.846435 58.419891 58.282320 55.613625 61.435860 59.462394 60.876756 64.090186 58.286478 56.695433 60.659388 60.523786 58.523920 58.047131 60.086846 61.100635 53.800400 55.666807 57.059534 61.536425 50.548109 55.325500 62.406719 60.959170 60.720302 59.534403 60.470939 57.518924 60.401794 55.317883 61.108966 58.438731 61.380641 61.362737 59.628952 64.028866 57.307577 57.210324 60.022570 58.438463 54.304639 63.448253 63.681908 56.839751 58.793520
60.272412 58.441953 58.140767 59.123594 54.152053 56.921040 59.861832 62.176724 58.556717 60.128440 61.848058 56.933587 56.608665 60.580610 81.840207 64.900285 56.320727 63.670275 60.797968 58.405403 56.565325 54.895208 59.730235 58.085324 54.643175 59.320406 55.014912 59.448874 57.325368 58.264098 53.667325 60.559505 54.033553 59.208075 59.686089 58.699884 57.234841 55.561318 58.609972 55.509308 56.589915 52.545625 58.498263 56.705673 61.303251 60.991420 61.644628 60.228219 60.624762 56.796092 57.700185 58.630502 60.230182 56.307926 53.714204 59.264691 57.475130 63.603764 54.530357 58.141222 57.509029 58.735773 53.104866 53.578887 60.366596 57.266422 61.755859 58.063048 58.874771 63.555382 60.928270 55.874716 60.581623 61.476424 63.261438 59.409602 57.612198 64.745790 57.514649 61.465004 64.602030 54.552483 60.754218 57.432650 56.582884 56.728151 62.033839 62.173980 58.204249 57.552847 53.758828 58.475578 60.894616 56.062425 56.221464 55.056540 59.726564 56.517852 63.338926 58.979142 58.352760 55.292241 55.946719 52.962721 55.345214 60.538571 59.591685 59.109023 60.549025 58.053436 55.700762 57.590747 58.683770 57.036188 58.109456 59.895021 53.687263 55.649954 57.929676 57.747726 54.611255 56.578486 59.629983 59.754014 57.481930 63.931654 54.191074 55.482774 57.252660 58.519430 59.707223 58.375333 61.876271 61.984644 58.968452 59.464405 53.560883 57.348882 58.609287 58.046182 54.990714 61.709252 58.646594 58.235294 60.305489 57.537346 62.956061 55.857168 59.723476 59.198302 60.490847 61.795262 55.382719 55.556591 54.863253 56.790721 52.938180 56.302531 59.994505 61.530789 57.813838 55.960337 57.904068 55.251376 56.699033 54.543053 57.141694 58.204717 61.160820 52.519278 60.216545 59.215114 59.834405 60.446123 59.039621 56.083775 55.978224 59.531308 56.343775 60.313474 57.715920 60.639597 56.643418 59.688469 58.485463 61.157845 59.257299 54.461555 58.669146 61.121207 59.761706 61.189956 59.813348 57.082997 63.717163 58.758205 61.757654 59.422401 57.303147 60.332852 56.122035 53.212534 58.367770 60.228280 54.345614 56.612758 60.948838 60.583198 62.055270 58.988504 57.404840 58.098604 58.523245 54.765371 61.048517 55.516235 57.017014 57.669092 62.000034 57.981072 56.985714 58.951610 60.587068 60.013937 56.171799 63.938830 64.058582 55.500276 58.690300
59.475115 61.410562 62.275264 61.054220 59.249908 62.958251 64.704574 64.370801 62.831781 62.241278 60.285710 60.191620 57.565797 64.627443 64.900285 89.643746 58.824942 66.821932 65.133760 59.264769 59.783943 56.738789 66.198594 59.647694 58.175195 56.361473 59.568985 60.137209 60.467309 60.271395 58.679971 63.694044 61.438068 64.399211 62.977455 61.673906 63.458027 62.706733 59.129974 60.957784 61.486185 58.108530 62.321370 62.036025 65.667006 65.815423 64.541703 64.225748 64.794463 58.763691 62.282460 62.550093 63.435301 59.472384 56.745795 64.031608 61.473109 65.430596 57.429874 60.457015 57.744253 65.637198 57.810693 55.855030 64.507100 59.664557 61.270483 63.866106 64.022367 68.410266 64.390642 58.617862 67.020876 64.122345 65.238430 60.283696 64.932343 68.597155 60.524970 63.295942 65.390624 58.641033 64.756544 58.450159 61.413022 60.655847 63.382164 61.509460 60.186774 60.591591 57.639669 62.256909 65.472287 58.770642 62.192530 55.501596 64.600984 58.535101 66.111480 61.925253 61.988103 60.990159 59.344289 55.635708 60.839132 62.735445 62.042648 61.939510 62.695430 58.339188 59.896297 63.429625 62.391602 60.362837 61.228492 60.580753 59.885784 60.430088 61.606488 64.407605 61.694649 60.076375 62.042443 61.980399 61.420576 66.897799 57.218677 58.788935 58.528915 58.412669 61.141467 63.014831 66.734326 64.509939 61.411594 62.251085 57.345511 63.078721 60.150208 60.070281 58.519432 67.179082 63.536344 60.599590 63.507314 60.002074 62.993208 58.879074 64.925945 63.456537 65.466644 65.011009 58.264182 58.911882 59.552282 63.361491 59.410359 56.141108 65.166790 62.735259 60.881002 61.397386 58.889823 59.825063 62.448322 55.821582 63.039739 64.041696 64.461049 56.319938 62.750323 63.343376 61.954418 65.541695 63.350607 60.725814 61.536639 61.724611 59.810344 61.381555 61.838163 64.901166 60.016032 60.563806 62.768623 65.054341 62.325044 59.371599 59.097395 62.787502 62.043793 64.519392 60.282483 59.241114 66.078850 61.859398 66.557031 63.783990 62.861162 64.204718 58.800628 55.190865 61.277367 61.077312 56.188958 58.736195 63.408938 63.819443 62.008352 62.541867 60.926939 58.258847 67.500979 56.763739 63.328036 57.868695 65.373417 64.334229 61.098383 63.284113 59.137370 60.297096 65.238662 61.297887 59.381022 65.863062 65.071994 60.862441 59.700380
57.104201 56.275837 58.925006 57.625738 54.059261 56.621135 57.299811 57.318724 59.399833 58.074078 56.098561 52.886335 52.368267 59.431592 56.320727 58.824942 74.690064 59.011960 58.512447 55.851036 53.628860 52.870534 58.738159 54.532333 53.287783 52.543465 52.206347 55.814224 56.914643 54.962253 55.653363 53.729594 51.108429 54.080603 58.765767 58.367864 56.936444 55.831492 53.753685 52.933897 54.295440 51.874106 56.248230 55.932238 58.792911 58.798747 57.902528 56.450025 57.251029 54.921739 54.986389 53.082358 59.681882 54.117240 53.063252 56.978833 55.998991 59.663674 54.246866 53.544494 51.271490 56.863812 51.030206 51.031682 56.366799 56.818618 55.003932 59.164042 56.853223 62.949221 56.868336 53.337394 60.435197 59.028454 59.456755 58.667435 54.422464 60.302778 55.920708 57.227341 58.605635 52.784409 57.839911 54.083824 56.570082 54.283597 60.940141 58.638875 53.492897 56.544222 53.908206 55.565655 59.950705 55.807942 53.393188 54.141035 59.185684 54.296263 59.984752 57.386786 57.150280 56.293122 52.721650 51.834516 53.709444 55.571630 55.642544 57.578261 56.581158 55.185806 54.578045 54.796429 55.299555 55.467063 54.193215 52.799715 52.976976 53.374577 55.241246 56.737862 54.887270 55.306106 54.361912 56.924217 55.795582 62.304736 50.814464 54.129192 54.154446 55.994716 56.439960 59.320465 62.905777 60.144328 56.608165 56.441369 52.414517 55.332739 58.436716 55.472916 53.806611 61.096080 55.587545 58.030026 56.331823 53.769625 59.665428 55.288901 59.440941 56.707056 58.022846 60.629188 55.816202 53.851687 53.934545 54.630329 55.047432 50.141153 60.538865 58.113845 56.827536 54.399403 55.378958 55.037487 56.092951 53.121417 55.645136 58.631572 56.885890 54.791884 57.062888 58.084491 56.587775 60.710455 53.701537 55.083444 53.790247 56.120425 56.783367 52.932480 59.358657 56.220597 55.511563 56.157270 58.470004 58.083367 55.309629 51.260632 56.107929 57.319238 57.637811 58.265546 54.257731 54.292857 61.202020 55.919321 58.317852 56.728031 56.276579 59.502095 53.565906 52.605356 54.051602 58.055855 51.894759 52.326461 57.850428 60.611356 58.122779 58.600896 55.435174 54.289667 57.606169 56.141747 58.119168 55.466450 56.839517 57.065797 56.142779 59.615276 54.215709 55.588848 59.217791 55.935033 54.556995 59.402722 58.748850 54.779540 55.950970
