# Created by Octave 5.2.0, Fri Dec 17 17:34:11 2021 EET <alexandru@alexandru>
# name: x
# type: matrix
# rows: 49
# columns: 1
 -0.35437789387046231
 0.44606530798337518
 -0.20105661617264931
 0.48750184034108573
 -0.13307214002007742
 -0.27008521941888369
 0.27416553969796104
 -0.30871957071196793
 0.75074821893053412
 0.23635585753569696
 0.20617140733460734
 -0.16718986826179777
 -0.096066336866840241
 0.51769698460636493
 -0.46480266073331944
 0.55019320629516855
 0.43379435990376769
 0.57304334908696497
 0.82768147526475389
 0.23226229888989156
 0.56105991978907432
 -0.10577053530984294
 0.57876994560468498
 -0.72973705649580078
 -0.93670808769036851
 0.55427116582025926
 0.28871199894642735
 -0.27780739674874788
 -0.21574409987534521
 0.21350486012596184
 0.09773867623859489
 -0.037653705135535308
 -0.73545641145372131
 -0.47256752965566279
 -0.085741158367512671
 -0.46162038011934847
 0.16852768546836527
 0.15355888500731479
 0.25509443427937734
 0.15006804600949142
 -0.63335370552498993
 0.1854857480305131
 -1.1330130014247131
 -0.81114462042407587
 -0.30946408503513334
 0.19523866130467929
 -0.0043496758337716939
 0.53337108337292261
 0.15793995765446991


