# Created by Octave 5.2.0, Fri Dec 17 17:34:12 2021 EET <alexandru@alexandru>
# name: x
# type: matrix
# rows: 129
# columns: 1
 -1.4244779157960548
 0.5704023112122647
 -0.86833293249614396
 -0.72327063644962331
 -0.79803330681545603
 0.80964269710754833
 -0.76843568803295492
 1.3230238312219647
 -0.11101471586562084
 -0.91941603753964196
 -0.53154999649684898
 0.51075686982897739
 1.1582073872796808
 1.5096075020110278
 -3.1868672286705158
 1.3501147700412492
 2.5214749666215921
 -0.5739279346324222
 0.0020690887601032527
 0.87332844104821361
 -0.21291041650666251
 -0.37389772885254147
 -0.65657012845913187
 -0.48661345193812072
 1.1604851070297246
 1.6899469326576086
 1.4800624413102514
 -0.79128420630771557
 1.8980622979793373
 -1.4769336897342811
 2.0642206932663911
 0.70004413003387256
 -1.4911654123037854
 0.20259212917061081
 0.87193267990674872
 -2.3755278516839771
 -0.8366706021960193
 -1.9860519725354795
 -1.2664770871836555
 -2.3806093767357397
 2.9181049289571286
 -1.6535371919093313
 2.3124522362808633
 0.53665285637483073
 0.21630040938068007
 -1.4555227997360902
 -2.2419751901596952
 0.65106558995651254
 0.59674177467651379
 -0.2395960185632352
 -1.1233206464077325
 3.3881563530749226
 -0.54907219806355745
 -0.6708532683790952
 -0.93124140485685702
 0.76515074782931092
 1.1004632224015558
 0.65078472717937541
 0.97116914719274017
 -0.42994566128254297
 0.63684497195340117
 1.1258926546928905
 0.059009699992373529
 -0.67667810610703494
 -2.6996750929089868
 1.6076949722127498
 -0.94908443451217084
 1.7256086674630082
 -2.0593894026891855
 -1.3609213228793593
 -0.21468644764399455
 1.3981662145093492
 -0.50213996200668254
 0.90019111208860159
 -0.5246955725870811
 1.8624525548537156
 -1.7402036156526681
 0.99545750240421371
 -0.048116145552327752
 1.6506004324302606
 -1.6560052647982904
 1.0415321728587927
 0.25145627452895974
 1.7902603862408082
 -0.6930096681654031
 -0.26637160979085656
 0.044538070020372383
 -0.9327735087223451
 -1.01580453041262
 -1.0523618573775979
 -0.43575424221110504
 0.60101122994357314
 -0.35083796219769114
 -1.4241010977092705
 0.79290109741189418
 -3.3308779302667739
 -0.49284894208783814
 0.92362814891396039
 -0.30017512839414234
 -0.52505472666416808
 -0.32473236072864031
 -1.6937418839682845
 1.9845094958826159
 -0.22173154415210949
 0.11748945079130943
 -0.33188396938746978
 2.3783595834044946
 0.8896540260532767
 1.3168489301556643
 2.0076407567013672
 -0.3477285159719421
 0.44310525596919237
 -0.24917652698373302
 -0.74007564352438537
 0.33043698897346169
 0.60424100711132855
 -2.1171231453686468
 0.51054865188173071
 -0.035413181911765436
 1.6312671416959077
 -1.7920115522937983
 -1.5208090490392705
 0.4476317052795391
 -2.2722326058984299
 0.87506796136389342
 2.4425406933202978
 1.426753697433832
 -1.6319147847924691
 1.5098919293145676


