# Created by Octave 5.2.0, Fri Dec 17 17:34:13 2021 EET <alexandru@alexandru>
# name: x
# type: matrix
# rows: 260
# columns: 1
 0.00021595144928504724
 -0.039863322359101068
 -0.16527250084650097
 0.063617528470019863
 -0.12215880714472466
 0.1738994169440129
 0.13132921676236811
 0.0032388742550500259
 0.029402206796321575
 0.05487119661979744
 0.13212513891030511
 -0.059134390688565866
 0.085259468905094268
 0.14959747961691883
 0.085331658436894234
 0.13018458334616545
 0.087585620081965659
 0.027624499319761065
 -0.068620074337431614
 -0.21049546511424597
 -0.063445338307526911
 0.0027444219726496461
 0.22288148971264052
 -0.16494798445650405
 0.13668308092147805
 -0.096739826962848122
 0.026107859321831146
 -0.034875330869708759
 -0.077618088044921665
 0.015439275777867625
 -0.12106854503750504
 0.17014207459123382
 0.079844161928559768
 0.14095025174100495
 -1.1004911999270708e-05
 0.069417821096042109
 0.056071014308412548
 -0.18108818124263984
 -0.099942947681317645
 -0.0588476377618831
 -0.055510671378177411
 0.051553796121225674
 -0.12860100678228323
 0.090491400474405986
 -0.19836817127166159
 -0.095716491186672401
 0.093621319810672635
 -0.034184993149898479
 -0.098378675256395043
 0.13529730033213824
 -0.048709151404933482
 0.095201265134193733
 0.12447479169477857
 -0.042162136168786807
 0.084667274134223397
 0.055978154168200768
 -0.033243212810234124
 0.11361939034912137
 0.10340481663388761
 -0.18139744324433646
 0.0060730737080986899
 0.045587728689657603
 -0.15170116063153682
 -0.023232624490953535
 0.20795813555261447
 -0.085730961097406549
 0.12513349434047358
 -0.12320994668224715
 0.022325802662701101
 -0.069144640560453843
 0.11302664563390775
 0.085347531078166103
 -0.0038141432712929945
 -0.093192614316378236
 0.0034610051812877752
 -0.065671382611528203
 -0.01594769332948472
 -0.069766166315868031
 -0.054398240526921632
 0.011149505673266384
 -0.150728274240187
 0.0049546244917319767
 0.066396434985104183
 0.19321416947829403
 0.0090080893757064264
 -0.058435496633097037
 -0.037124309816770062
 0.09895073801538716
 0.057196601198776446
 -0.039066357325503433
 0.06212911005882453
 0.047610620980565788
 -0.05041103351651649
 -0.010184351466292669
 0.089154567191731496
 0.054236483744361297
 -0.078059930263300562
 -0.15848734257003427
 -0.0012145474785054324
 0.010885638317969371
 0.050010257740904396
 0.25414302051149262
 0.011102302361927
 0.045162528737610529
 0.062234191352401054
 -0.013368259276867449
 -0.098411528963650921
 -0.05295297515902446
 0.043142395398654228
 -0.066896488715890393
 -0.032926740156208993
 -0.078931087577717177
 0.063583928447130525
 0.053796931252902649
 -0.13854152262248431
 0.0007683876691744018
 -0.12718239857357017
 0.083892695402701375
 0.027044326197930926
 0.014005866715085798
 -0.065475654943774539
 -0.1544746081137916
 -0.07947198941582255
 0.066776470017048575
 -0.052970684694691191
 -0.20746212380806051
 -0.13999648781180812
 -0.070033089416751557
 -0.11034908925504497
 0.076566813375263623
 0.0051046618608869077
 -0.0583552940450505
 -0.020118104356140656
 -0.081005312377399635
 0.032244487977726888
 0.084068274176724453
 0.024754793101550623
 0.063047214518721514
 -0.035982733530779291
 -0.0024349583128564505
 0.16701482125994244
 0.031526354474982428
 -0.037308425072489527
 -0.054964680942885334
 -0.010095894928961756
 -0.028306072485168074
 -0.13272353404190068
 0.028176813550951463
 -0.00048607208717279474
 0.007035383719821659
 0.012220230815948314
 -0.1220513156320629
 -0.072000585667362893
 -0.10993412168234504
 0.020350989887373154
 0.030121793441926906
 0.010251294023529488
 0.017269605860583709
 -0.05098425130545544
 0.018911762479975388
 0.038947123805077304
 -0.092724672956870799
 0.10424421327808331
 0.036371778304049598
 -0.053513234419046679
 -0.064338537171167123
 -0.061293627645584568
 0.14297723577168869
 0.099248429687208484
 0.045582683327645916
 -0.066682637954474266
 -0.063680917783634008
 -0.029727361423858088
 -0.22318077039740872
 -0.0045086577814161038
 -0.02907862503628297
 0.14409761558558981
 0.018004098080976454
 0.0090623992852828864
 -0.016087553044123626
 -0.0020189677301090925
 0.12046445795988275
 0.033511102601245096
 0.052784954852424612
 -0.0270557204404611
 0.053468907296320568
 -0.065083225414191301
 0.04159266770394715
 -0.060133968910782556
 0.072677588894116296
 -0.025685185886829453
 0.016082708699270604
 0.071818775382112343
 0.0023622597640190449
 -0.1485719440844597
 0.054357536513285933
 0.1002477357198566
 0.27162547914031754
 0.082602424107486597
 0.020045859298972062
 -0.13283345067727528
 0.051569234241908984
 -0.094880382121057344
 0.08479863004426548
 0.14545713601142801
 -0.14578689605341244
 0.072034245486201798
 0.0021498722545823315
 -0.050975762834972557
 0.01417024908106498
 -0.034859140247881303
 0.24265973779384661
 -0.044651071906887954
 -0.025960073880075041
 -0.033890431353378297
 0.053338736218786091
 0.023724126016568599
 -0.19911376789613988
 0.018251772067401015
 -0.20265261931802567
 0.049882737325889735
 0.072011699250126002
 0.018529625791471601
 0.070032061848547017
 -0.1244792214873587
 0.10901090864951229
 -0.17581159848147862
 -0.15158298742548762
 0.037769385243345513
 0.12754549716207036
 0.0656921623060224
 0.044277299742892136
 -0.09986130590929744
 0.013286224028755301
 0.027266061393528055
 0.039899071512454393
 0.074712929550992777
 -0.072511274736268047
 -0.1730464359391459
 -0.21001469145938792
 -0.030545939826878827
 0.091860269285500284
 -0.12011234720473805
 0.034604607033884439
 0.045522856100732548
 -0.080559069239760903
 -0.030297676263459989
 0.14254485028370606
 0.035998646285425637
 0.090226460754376681
 -0.11332485066046262
 -0.033959377158093884
 0.20250175621442937
 0.062521432386873452
 -0.1168304926141642
 -0.070981017634774907
 0.10961197688827673
 0.11403017762820779
 0.15285707190734621
 -0.081815293368249581


