# Created by Octave 5.2.0, Fri Dec 17 17:34:11 2021 EET <alexandru@alexandru>
# name: x
# type: matrix
# rows: 75
# columns: 1
 0.68954094281591316
 -1.1422519881649573
 1.7066217351172077
 2.3851419581930018
 0.8424407010834194
 1.9120249351542318
 1.1887998132734712
 -0.00252602129241193
 -2.2930337680202033
 1.8118866299650453
 -0.18121853041102484
 0.23685525666218216
 -1.4316318454964232
 -0.42990338639388981
 2.7768834586019255
 1.2606378414107808
 -0.70700200724811635
 -0.59315677462969618
 -1.4486978711916301
 0.27814666905847568
 -0.43881636017280368
 2.3624657369420707
 -2.466706950524777
 0.663982486385855
 0.0040352625200607058
 -1.432328080120493
 1.4124205526779083
 0.17504755421946142
 -0.93197632917246043
 0.80919844720892253
 1.4682236313170103
 -1.6773843935719142
 0.29823715429251929
 -0.52572198116580293
 0.12080991963061034
 1.1311728179006384
 -0.70773728102477318
 0.64344734779319923
 -0.27319660462071071
 2.7196012411155723
 -0.006986616876637282
 -3.5179133406315262
 -0.040952983943656977
 -1.1252483797139161
 1.7461897779760958
 -1.1525448558094074
 -0.055730451629646065
 -0.52071146581162453
 -0.29533895737039434
 1.0823108785367441
 0.56823915188170815
 0.63115789634115793
 -0.81044967438427662
 1.5020116894906059
 1.2691909634973166
 -1.0416117822879731
 -0.44199651778222221
 0.16484303180908438
 4.1630886727859027
 0.29807430250235867
 -1.003735922144388
 -0.36591848520557108
 -2.9273171750884615
 1.6111203134164709
 -2.0013197499441313
 -0.97482147473281755
 -1.7373786707330994
 0.031204845724388676
 1.6166287863308664
 -3.6748461202536946
 -1.0743246633019694
 -1.4670291693500168
 -1.2165659247118068
 0.47861877462904751
 2.2554919919947096


