# Created by Octave 5.2.0, Fri Dec 17 17:34:11 2021 EET <alexandru@alexandru>
# name: x
# type: matrix
# rows: 32
# columns: 1
 -8.320318011370734
 10.486161438469447
 1.9181865906741367
 1.6674473140661235
 7.6335306481796508
 -2.7360476835617193
 -2.9483176220099803
 -7.5938097911291376
 10.190582305176028
 -10.492693615495888
 -5.0008819121980546
 7.7869927348384422
 -1.7871433459125938
 -5.0180396459452581
 3.3146755383544737
 9.0375224911231733
 4.0397419269945756
 3.0138322730577105
 4.6708355879919541
 6.2233686434017788
 1.6409792778928918
 -10.644253172469359
 -2.6059811606788168
 3.4289970599055946
 8.5957918616917333
 -9.8634695623374355
 -3.2309974868638713
 -11.795512077590908
 2.5816642071129441
 -7.5628914940300032
 9.7966029863426165
 -9.848956355161075


