# Created by Octave 5.2.0, Fri Dec 17 17:34:13 2021 EET <alexandru@alexandru>
# name: x
# type: matrix
# rows: 202
# columns: 1
 -0.24254339001995426
 -0.024047443650687873
 -0.05352095151070476
 -0.0025282803678555936
 0.04428262159612089
 -0.097531443664614387
 0.17091396551384649
 -0.113791354989839
 0.063320114962125029
 0.082798772302002444
 0.13628992079765431
 -0.1426000582158152
 -0.175838595938381
 0.0040231196684468052
 0.024978800339427221
 -0.037126579049365074
 -0.11152157653045217
 -0.0074729992711858777
 -0.033425444659864814
 -0.081383474837954217
 -0.04266546712167265
 -0.1488779086814781
 -0.03443742140885199
 -0.06411790371995052
 -0.11268881153530354
 -0.017617524153815508
 -0.074147414219030469
 -0.1001180924909746
 -0.026729895913809185
 -0.11264936046085039
 -0.010873302892132002
 -0.046610436392707476
 0.087483971164424593
 0.23847577934894593
 0.098124178593284692
 0.0189670710508579
 0.091629026282439449
 0.053793069390791565
 0.21317210329968134
 0.10277652121153159
 -0.090642950832357169
 0.046150647772839955
 -0.032027822503944779
 0.11776554169984206
 0.04267277464545146
 -0.011342637363856682
 -0.010674195148703493
 0.017209321521758844
 0.23118027412492914
 0.1415311428007561
 -0.039085603065227376
 0.026476745597544569
 0.060104140047973896
 0.031288707529742797
 0.10091973606034887
 0.045988863585711776
 -0.15538713625647613
 -0.15427893607427332
 -0.019281290585801213
 -0.049361729314243458
 0.023015598212859235
 0.016463102951557333
 0.15502688558095495
 0.20112083111320914
 -0.13019454538552613
 -0.10834131432539156
 0.11266368393744321
 0.15924385765924029
 -0.016436449059481197
 0.098720482071051344
 -0.21844386517357439
 0.04012374233522574
 0.10226282727918694
 0.00020796782603447835
 0.10703103636073436
 -0.015718697112272195
 -0.07822850856193736
 -0.11020388933565331
 -0.033677122444355216
 0.065757363173695668
 0.19405919758470155
 -0.2077449921182756
 -0.042914394492718597
 0.067817002823220396
 0.12701588750686346
 -0.0078621518034810486
 -0.043406788096524054
 0.092650190106781841
 -0.05196278047163394
 -0.045693229395540574
 0.067113457557443329
 0.10726736048968553
 -0.031254782724446692
 0.11812944206173544
 0.039980416199205976
 -0.061051771401400397
 -0.28304470845177809
 0.11733709027454137
 0.16866264541004847
 0.059955919074113781
 -0.055564138977273164
 -0.040550458057650139
 0.018169050921774628
 -0.066154089894727749
 0.05961103804060152
 -0.070451064179533396
 -0.20742677557074743
 -0.067702589392934096
 0.14694304970743199
 -0.11606402991177137
 0.017280248488015761
 0.027852491202072688
 -0.069882541050239874
 -0.04243237482669595
 -0.0026773455376349607
 0.026318892395201212
 0.025269063252122748
 0.26776823482782236
 0.035443281434932382
 0.13643652335350229
 -0.090684308575139483
 -0.087393540878183462
 -0.042071622340864416
 -0.032838001701030267
 -0.038605901794808349
 -0.0089754384560962637
 -0.04016367307377805
 -0.070501619799039281
 0.019424761477467301
 0.00025686767499772019
 -0.0048396695281952336
 0.11737441059330352
 0.11796519825152998
 0.10205389098587871
 0.024714548313606935
 -0.033234642415197024
 -0.0022678123540977426
 0.050616859603861156
 0.021113008529208735
 -0.11316190470644517
 0.016065493233142422
 0.11833866888105263
 0.17815045769638188
 0.077582036851203781
 -0.025008802338098123
 -0.021708256596765341
 -0.026201362874855937
 -0.13777113651247758
 0.013129605675046832
 -0.035686566921243008
 0.026735881067945829
 0.078950328178871612
 0.094818802127194013
 -0.02803485179648682
 -0.066765198489030619
 0.022101987818122799
 -0.19810833910116751
 -0.12819252273386553
 0.11394886107220366
 -0.073649028482664552
 0.014402492670911777
 -0.0062999991008251656
 0.14906182012935468
 0.061265288472338086
 -0.010744379465994325
 0.0027767879255855012
 0.051414920521879404
 -0.21191621899478644
 0.28029530881416975
 0.083526756842813382
 -0.088615794109618881
 -0.14393220204352405
 -0.098226850196558371
 -0.13369055612483727
 -0.12001449847272981
 0.023177088343092084
 -0.059095404673022087
 0.11901123959747957
 0.20770263017255275
 -0.13876661174867544
 0.038783995832783219
 0.0090360855775287446
 -0.12592977835321245
 0.08571284874279482
 -0.081398801725106981
 0.051248459941680605
 0.068404961583745205
 0.01798253595218556
 -0.096858588788562572
 0.099839815226961851
 -0.042078479172971875
 -0.063230214591369072
 -0.26833466199494388
 -0.25042540630894716
 -0.011774554536992313
 -0.044980148813032708
 0.12088738299234805
 0.15102358586563241
 -0.023448043400909703
 0.046694586903103831
 -0.040489678903529246
 -0.00077820040423186526


