# Created by Octave 5.2.0, Fri Dec 17 17:34:12 2021 EET <alexandru@alexandru>
# name: x
# type: matrix
# rows: 160
# columns: 1
 -0.71423808981232062
 0.090289442500272224
 0.47768584316240731
 0.2689274267121331
 -0.63239102757497234
 0.28265150076234247
 0.47600457184482814
 0.17454887161520061
 0.53598874352369275
 0.66086772008653072
 -0.77954806999270498
 0.30764221327096325
 -0.071126755028429814
 0.47336149388870552
 -0.025541991489846962
 1.2233445907783156
 0.23484616238582465
 0.74358469827161033
 -0.11392124480366937
 0.98959043270508362
 0.10644569643042957
 -0.24030943539059446
 0.66206122366772169
 0.64205189791004091
 0.068631119020319903
 -0.31414565862384497
 -0.026507664278766409
 -0.80963211049679418
 -1.2526330758964253
 -0.23776098135881199
 0.37084604375761332
 -0.0019123397749342618
 -0.86651464521610111
 0.0817775436706039
 0.36383230714487153
 -0.54090796619506487
 0.42640504655747924
 1.0962212586818463
 0.90946798552433805
 -1.0748730843098024
 -1.382048055539171
 -1.0684793065826288
 1.0164786128402234
 0.91357394743754494
 -0.69517321903359341
 -0.13277071115684502
 -0.17886502178934771
 -0.30927559482488282
 -0.29401333482416853
 -0.87699549295018342
 0.076765457879594309
 0.42501613379937669
 -1.2165502432687769
 -0.41884120465060137
 -0.36345054466970933
 -0.42492812253114864
 -1.4638346567405567
 -0.75400874175182819
 -0.66482578787183233
 0.85225614607639055
 0.41013956625284459
 -0.74071985767465198
 -0.3399258500511782
 0.022879326740742601
 -0.92421025476225327
 -0.14155638277838845
 -0.019921662435202846
 -0.96410764860352061
 1.1808936258536136
 -0.64282326617900953
 -0.17854873676627397
 -0.46619449962654796
 -0.16812233343496313
 0.58534225560932673
 -0.11765930448878444
 -0.76769391041631663
 -0.55361446542115844
 -0.28610395540318223
 -0.83897197146809799
 -0.17422806335348046
 0.84631321547982175
 1.1932047425426944
 -0.25303484508651797
 0.53382391177112942
 0.32245561804786044
 1.1379373710457474
 -0.22516097436630658
 0.43767691497000311
 -0.53538390305722339
 0.82229715621691168
 0.31056109764574835
 0.86220242443598316
 -0.28031543643871693
 0.35775980193474877
 -0.50587835695827699
 -0.60367886508245727
 0.97943721632097902
 1.114799614806167
 0.54113679776692059
 0.53513359717338704
 -0.82956126365576965
 -0.49580676523704653
 -0.52217427988883147
 -0.57626585875899505
 0.180644554101103
 -0.67636227716580466
 0.21974056584520216
 -0.0018603362268459797
 -0.46720538402178752
 0.50725370046174389
 -0.65126318807915173
 0.12482325123707308
 0.17789999671654871
 0.54774733517681506
 -0.18119618486500044
 1.5790476601156369
 0.40631366591005874
 -0.20473930997523304
 1.042108657654949
 0.6030183458587669
 0.39422490202748495
 0.06237037278090133
 0.66920695142920661
 0.75144560266522775
 -0.046559336777706316
 0.19149764675724582
 -0.32015243783153596
 0.49132699037845917
 0.16891303248262077
 0.52012550581844363
 0.60052197600421708
 0.15480757570135306
 0.9788507742121515
 0.41850713239266618
 0.89798090637227745
 0.40543475810517149
 -0.13232603103273022
 -1.1760091476597014
 0.42742606976944564
 -0.5036870994211905
 0.14754843236398554
 -1.1466528412770876
 -0.13845126046047609
 -1.4855987730281774
 -0.72666843489206367
 -0.11176694602740675
 -0.69827058771247374
 -0.15056800022935757
 1.5027264503830333
 1.0322087805983338
 -0.34423632995336384
 -1.3171928134864224
 -0.49374234953994312
 -0.58562705564389794
 1.1346384854510041
 0.20467339387580513
 -0.64237527825948626
 0.29944494759376028
 -1.0499784182071028
 0.74646876006879781


