# Created by Octave 5.2.0, Fri Dec 17 17:34:11 2021 EET <alexandru@alexandru>
# name: x
# type: matrix
# rows: 110
# columns: 1
 2.0035353168245962
 0.08617933786027511
 -0.53703124176973749
 -1.1353146512129906
 1.2095520726393472
 1.6587717719321073
 0.79447834228562553
 -2.40966819596819
 -0.7852797136043389
 -1.4416995400055896
 -0.5291260821227125
 0.012376695276705412
 -0.64536206503401838
 -0.55530320610177719
 0.49744535710039078
 0.62630240006760229
 0.62640232389182715
 1.4326861420009767
 -2.5479168406597932
 1.2916163430303518
 1.4805058803930962
 -0.38655764288058075
 0.86889181457998677
 -0.26061822610141094
 2.268354910822918
 -0.23947219575238796
 0.39560941574911584
 0.67588566165759134
 -0.15725660105241882
 -0.10040190423825365
 1.6512032044151477
 -0.30811113183423339
 -0.58715953328372283
 1.8635146428465941
 1.6121104118238017
 -0.25833006142898002
 3.3375087397710499
 0.23851754194839678
 -1.6639777594164917
 -1.8326427303845434
 -0.90840328006822446
 0.33609134298976562
 2.3807911648502973
 1.7429649714023701
 0.48217649745533164
 -1.5469845653593093
 1.3867345895484908
 -0.44233187712079114
 -0.74442285049101475
 -1.2802859860537312
 -1.3631467325581048
 0.38273685080161968
 -0.45544628190584446
 -0.5195621527630413
 0.46316584613534267
 -0.40667146663363218
 -2.3037793824663906
 0.16385502691030457
 -2.3115500624625351
 -1.1933224840693528
 0.44505392005649452
 -0.027094407554305342
 -0.065313863349443516
 -0.81402041050103324
 0.69200017860004259
 -1.110182334003557
 0.36968252896450288
 -1.8011287685316815
 1.5123676257871175
 1.8824495076071359
 -3.4327542474999886
 -0.376107876789117
 1.236002437245002
 0.29143211159976257
 2.0809144509807336
 1.3542810447081277
 0.15100649687949785
 0.80609233262360525
 -0.34503393206860078
 1.1705466251972685
 -2.7525138430277862
 1.5883371778510267
 -0.91850583472994929
 0.63728956189140418
 0.0062814012573970159
 -0.90693154034676249
 1.395646586485471
 0.81725472217964279
 -2.1910388804186876
 -1.1414876785169648
 -0.96242808814240466
 1.755566337390088
 -1.6836042731829979
 0.39109242413011647
 -1.859860929189211
 -1.6200859730470278
 -0.20936488473941567
 0.76525423559201422
 2.0427658823921426
 1.2430828795719002
 -1.8711895066935689
 -2.2121996893086426
 1.2357514245540258
 2.3951104141782715
 0.56782353221561521
 0.16773597424890191
 1.0175688755557388
 -1.4759532255559897
 -0.55093717934699116
 -1.2236267209297929


