# Created by Octave 5.2.0, Fri Dec 17 17:34:12 2021 EET <alexandru@alexandru>
# name: x
# type: matrix
# rows: 139
# columns: 1
 -19.005137484364269
 -2.6596998906010509
 25.285159364964564
 -4.4144351854830148
 -11.326126636726409
 9.3940084310410423
 -1.803365817770012
 -16.82039129891006
 -18.79652009649363
 -6.936616685977075
 -1.2157372618102928
 0.13869674707520085
 -6.6892801298754989
 5.4037209841410201
 4.7159033844779534
 3.8363103624588262
 7.4156387124606962
 12.157690196192316
 -1.1266725735882379
 -6.4681444048104657
 16.403618857003316
 0.1797768447035743
 0.2510551146957839
 9.1052645538280963
 -2.3522672310008321
 2.1264317219799977
 8.7405929083093845
 -11.206772793948584
 1.1164664576468302
 11.219189831421581
 3.1859875592733107
 -14.960565840097281
 -16.6237448842185
 -0.21148554155537208
 -2.2611983602669561
 17.83242653309668
 0.90832726879144776
 7.0021165612442351
 -9.3579064471117572
 9.0475712300968745
 9.4498538797109912
 0.93727558210191642
 -6.9436867799335333
 9.3927046289993594
 7.1506820758010878
 -19.994691642733308
 -4.4733431174537515
 -2.6749682133863373
 -3.9912181055952645
 2.5783675027288986
 -4.548648901665592
 -9.9968428954389754
 4.0419447915191213
 2.0148046268425239
 28.140571323330477
 13.72850501075907
 0.15224226065392174
 -12.474265713754733
 -8.7714429124029714
 -15.731380846811179
 -17.020398666103109
 12.415906970408544
 15.59246399604856
 -19.185585462400756
 -0.87080506886458919
 0.098374205759060793
 1.8850108577748204
 2.4830120772932509
 -15.559197971412074
 -9.7128013403481468
 27.032680519655457
 -14.670735091465446
 -1.2771749398711356
 -8.1595658137814038
 -0.32025983426719817
 14.239459460574059
 -6.1909082592297695
 4.7258556295150447
 -0.65491452132132799
 0.48521334500274088
 -13.336595568756998
 6.470397787376041
 5.2454306319271033
 19.654258327901271
 -9.6308515991719474
 8.343159625794117
 3.0720907254192977
 -7.6130021372539387
 0.19551878229990147
 -11.235041212939484
 22.782558923689106
 -14.791738816988412
 2.4239816692653871
 -2.0100330941636
 -2.9149126203490456
 2.8587988057599696
 -3.7088401732800533
 9.8473429848417933
 0.6154454865003085
 10.279211935579532
 0.23115295671680836
 -0.30500068331768881
 7.7722832893968707
 5.1348401430870645
 -13.935140149436386
 17.639944398445273
 7.9967954623652258
 -0.74183025863936702
 9.05173832952247
 -4.8161075065881667
 -4.5009714363654307
 -3.3120633844561871
 -22.75473112592281
 1.7796683443599624
 -1.3997645786345434
 21.411302929012539
 -9.3513756077713825
 21.146508450072449
 -13.183403737703733
 8.2289209179515943
 15.023003705147207
 0.19058976346570047
 -1.342256195573402
 -11.192078452689776
 7.7714644625589235
 -17.796232594604021
 -0.27222260795555342
 -11.698210550377777
 -2.8915622433298989
 -13.324524567086769
 -3.0403444234670793
 -9.6530453136908534
 3.7735775329731278
 13.099211859547411
 16.298466580685538
 -1.7394866208948081
 7.3921818035724121
 -0.67273800196079669
 -9.8248215199609064


