# Created by Octave 5.2.0, Fri Dec 17 17:34:12 2021 EET <alexandru@alexandru>
# name: x
# type: matrix
# rows: 284
# columns: 1
 -0.13614386459439362
 0.13124582982731578
 0.03573218156576654
 -0.15235384991463713
 0.1022412878362525
 0.069218877261293957
 -0.18902033689106237
 0.10149058472653538
 -0.0014725282122144453
 -0.20938091154822841
 0.047678948597965308
 0.15055849608587829
 0.017374856299491408
 -0.080024340352676818
 -0.14216574187212705
 -0.030873855269300879
 -0.13312152693541079
 0.043623938116924096
 -0.017264885150136109
 -0.066261147719944874
 0.2203260600667204
 -0.05655796816099231
 -0.021431221113501809
 0.057253549045380506
 0.19710199037185244
 -0.11530584409073347
 0.01941342706067245
 0.087892960110225724
 0.017133652564634103
 -0.029419549278348344
 0.15689891741254736
 -0.068917793746860231
 -0.076692206655779194
 -0.098665791510397949
 0.15041430779395834
 -0.035621842786310691
 0.068767072851087074
 0.052907072850854754
 -0.0026152739135694627
 -0.042736083881318894
 -0.00016865229645081066
 0.031940150045677622
 -0.091619888737345861
 -0.086144847136906649
 0.051095915455538134
 -0.086020834866469817
 -0.13129445113568741
 -0.056932889334056387
 -0.05476602019761409
 0.0058292119970526149
 -0.17709560350302631
 -0.15951553786754555
 -0.030531431718569514
 -0.080768785436364801
 -0.085119975706086135
 -0.031232018402740837
 0.14704275794755831
 0.10218472370073346
 0.17743025267123697
 -0.13652165832767718
 -0.036773014395972373
 -0.040098376534470341
 -0.32171936766348258
 0.25569644018909077
 -0.055692417856439309
 -0.21862684581622846
 -0.21654748794275794
 0.079086717807041199
 0.10699739325094915
 -0.061272278434940583
 -0.15397144434447549
 -0.1170144169694166
 -0.099016170703338596
 -0.14242044859026018
 0.15830649215851028
 0.070352822288393874
 0.078949563980312248
 0.064994775273432406
 -0.0098556138871326044
 0.1127900072602217
 -0.082829745405079508
 -0.022241754919677233
 0.1849377860513369
 -0.040521699422602482
 0.0087105918484277397
 0.15204671025361263
 0.10310521079418715
 0.052154474252609967
 0.0034635982348965077
 0.11823276408843843
 -0.13292523891614466
 0.14386014278475401
 -0.32110614674413662
 -0.13592313516463303
 -0.21226340510854844
 0.055702912792515484
 -0.11892719010704893
 -0.2853772962917932
 0.063693400603552941
 0.19585905168634851
 0.080146964596288756
 -0.076683693390700469
 -0.15211979543002546
 -0.095617998569852661
 0.057068909401136896
 0.030123584850293175
 -0.18359020175541543
 -0.17576548073479961
 -0.15870048509645576
 -0.040357109430539058
 0.018793406789230808
 0.01348547343085304
 -0.13231299136301136
 0.056770964300100105
 -0.033781743224295897
 0.093032293118325254
 -0.046250167603540185
 0.073135560880952716
 -0.00079953881833174669
 -0.1108529663107302
 -0.25887300204609287
 0.050006328502494424
 0.094821749637886421
 -0.003628067153358905
 0.14491352101151622
 0.024102654854939374
 0.15435805066070143
 -0.02124180289522529
 0.05155108473824211
 -0.043812703978832031
 -0.026090937031649171
 0.025678748782924636
 0.014361160978047136
 -0.078246409506513057
 -0.095819122255998077
 0.05978883761219439
 0.060586128753292334
 0.037654608349828977
 -0.065170264286355861
 0.17569119785259682
 0.016960703439558498
 0.10274739563505551
 0.090727686768090177
 0.01231459549404515
 0.048397052300482128
 -0.11356470050867563
 -0.060911478140817925
 0.070063676907426681
 -0.071138128539814216
 0.095328247670310728
 -0.012585576468494614
 0.052771562492637779
 -0.041174834488181884
 0.059448750554085987
 -0.0092058304202206932
 -0.020914030450396529
 -0.029213035413501363
 0.011883743469447891
 -0.11843940514474471
 -0.024632790223375021
 -0.23202007955655873
 -0.048078193420254399
 0.090411730329573767
 0.16336867245420258
 -0.035512695246699956
 0.13696844097316002
 -0.05546192928259986
 0.057467145284731555
 -0.075681157191611656
 0.16904246052812932
 0.059010203488940642
 0.10260413492338831
 -0.1012135814819775
 0.02121374133977854
 -0.035822698347758419
 0.053456547701830018
 0.039648796944217461
 0.012102103798831578
 -0.0035629879574701549
 -0.13084878379339085
 0.11179083772790588
 0.05231952149257995
 -0.14214852660844968
 -0.12538637975397543
 -0.13567264089533265
 0.0025939520720564564
 -0.057561152775021794
 0.12606548337180418
 -0.074774911110864192
 -0.071920231711472563
 0.0024765720519890661
 0.042638675136224283
 -0.09927724342677037
 0.040666288322496455
 0.058454376258682862
 0.16586604569007588
 0.15447149273296248
 -0.027889262432148475
 -0.021363978218488709
 -0.0074199789154293198
 -0.041591330425977978
 -0.14646977855310656
 0.10737096083970994
 0.085810994329194618
 -0.029517397529871883
 0.15048196440312722
 0.021656873859939325
 0.0029367943012640041
 0.030786748430210262
 -0.067151263269237482
 0.02458164128809117
 -0.04758261821044088
 0.17413304503875426
 0.032758754624594114
 -0.047506825985744926
 0.028280814093957562
 0.11270681789466071
 -0.085882262264713002
 0.076966945209163265
 -0.0058174530396694754
 0.058399618427521546
 0.02014017696877243
 0.027642676962790103
 0.099271416361903536
 0.18185887659672237
 0.065823559519250729
 -0.003068561771591588
 -0.014678515556433704
 0.12400075693580412
 -0.02435812068621648
 0.012930517621253766
 0.054866535847622355
 -0.01093468366380157
 -0.079386168231652621
 0.1595786158773797
 -0.092210781686286158
 0.18646725526550567
 0.10438121908430305
 -0.013346623747403303
 -0.0036175683735811264
 0.050457039512245401
 0.092216910489713616
 -0.010770388754861863
 0.025139366606408076
 -0.086077961276498041
 -0.032202095109451372
 0.028490547683526487
 -0.015440431785116141
 -0.044560969437730781
 -0.055979368032641474
 0.15502926775583026
 -0.094329268876406622
 0.021267869062427801
 -0.087101293776961658
 0.18350832737306072
 -0.022168451972338337
 0.11253215929318537
 -0.03727035596202842
 -0.064299816162419574
 0.070386644858884226
 -0.058644982755215569
 0.087346200562376047
 0.012063411899182362
 -0.015491486367800407
 -0.043918801661533668
 -0.19343941322916436
 0.018926344496693018
 0.18617838134099612
 0.14855424351434307
 -0.25679660398848297
 0.049850707152880508
 -0.036782888611227194
 -0.061463382588179627
 0.030340898199883521
 0.087219832868350083
 0.077027573864095158
 0.16042122681728602
 0.0026764820376647788
 -0.076266919879845393
 0.15575002725468609
 0.060526368276092167
 0.080879934820454399
 0.0093795965353265648
 -0.021817805282293087


