# Created by Octave 5.2.0, Fri Dec 17 17:34:12 2021 EET <alexandru@alexandru>
# name: x
# type: matrix
# rows: 159
# columns: 1
 -1.0321730100191679
 -1.094497909307415
 -0.83382588713249661
 -0.11196826071552597
 -1.0817273462484469
 -0.41191626594195424
 1.3618308396975474
 0.57011989830164589
 0.73046063013876539
 0.23424695338470639
 3.2565879137802263
 -0.2052322535018633
 0.93636903383140213
 -0.21477963325552923
 -1.120641669405908
 -0.41173914704504833
 0.49478700697840133
 0.68992984756407671
 0.38249730449180125
 0.68763929873257867
 -1.0925906861611734
 0.19102489663951372
 -1.0529707535980621
 0.069097095939398973
 0.32009686150302924
 0.76783644314439936
 1.0336392190791666
 0.32793613786018766
 0.4649004831856442
 1.2721046155344358
 -0.38116665780698766
 0.35771793729699236
 -0.45930609617679119
 0.5343001405950778
 0.74806808432677285
 -0.89582483015710768
 -2.2226082906093616
 0.28543062137937858
 0.56035384593663451
 -0.23498621593878719
 1.5400406225004524
 -1.4191008092386239
 0.0013663338388336889
 -0.4762388307314907
 -1.4484893795911906
 1.4182334849974638
 -0.83717872486789568
 -1.3919480565807723
 0.51387672011619201
 0.88941868435163041
 0.36277683048589499
 0.19973259982060793
 -0.60695511924863899
 -1.2476153700838721
 -0.82048103442425613
 0.11210560740109808
 -0.038267871824426043
 -2.016683411469478
 1.0130277627812541
 -0.84322681889926931
 0.61998144038866632
 -0.99728347342070356
 1.3599524927965652
 0.02871155764520239
 0.17682813015099752
 0.52123875705074862
 -0.20682542440806348
 0.39539372209198387
 -1.2495896345748001
 2.2013019895852142
 -0.79804244923891787
 0.15749980030100366
 1.7488938293164729
 0.11369283051213554
 0.61974870257620962
 1.6041727348565931
 0.77352656183610247
 -0.00083206103895560788
 0.78279111115620448
 1.115329201087718
 -0.17935048185276706
 0.77031884834918241
 -0.11260292755380952
 1.1030452123124868
 0.75989611388408707
 -1.8419361808224566
 -0.42187143781026826
 0.89193828847452583
 -0.54183374306273679
 -1.8572840366644727
 -0.25382142968759852
 -0.20045987909303647
 1.5756454878056503
 0.38142674043180352
 0.36875982147254122
 -1.1248962819340449
 -0.071705657422595132
 1.3731126941244785
 -0.7807204195416757
 -0.12824794305595033
 0.61291553948752853
 -0.12701319068018063
 0.017136740765709459
 -1.3381689190508255
 0.89865773923171521
 1.1086811335678453
 0.73780719206074252
 1.4786050635122669
 0.63437973633449141
 -0.3604506554451769
 -0.35317304817496586
 0.76799000271119766
 -0.59232085261891498
 -0.50273660005194898
 -0.3159252595244233
 -0.82305156652807321
 -1.4450842115590943
 0.62207202882668211
 -0.54716125782540748
 -0.19267431756607772
 -1.646516922210093
 0.42267171326693748
 -0.8348093718647841
 -0.19475811645208138
 -0.021818865139735927
 -0.34906160706432698
 1.768921678168998
 -1.0823934412639205
 1.0880772283254958
 0.31809523499711295
 0.1239622971292146
 0.011329668910637058
 -0.89462020532651287
 -2.0071926793800539
 0.48382533991302179
 -0.33142698695575135
 1.0539565105322923
 0.20357225369209683
 0.47886139067994959
 0.11180076863755185
 -0.81945404465533644
 -0.32594332963672978
 -1.0359961849937294
 0.10904596173550297
 0.44742143944862217
 2.4613364115905676
 0.84807185637646287
 -1.6695743229576159
 -1.795957462819088
 0.54254591074527136
 -0.23372544256225525
 -0.86565638141644563
 1.1584331385602813
 -0.61724600510560013
 -1.5916391146547182
 0.18753010043336596
 -0.0026049499134608877
 -0.50551561294349234
 -0.59538071543843163


