# Created by Octave 5.2.0, Fri Dec 17 17:34:11 2021 EET <alexandru@alexandru>
# name: x
# type: matrix
# rows: 109
# columns: 1
 -14.795960258556027
 0.99008691324132336
 -4.8595525361320426
 -5.2431326566913778
 9.8327385376474474
 -3.8195499910550761
 -0.0068534225235829518
 4.0504994734571964
 2.2390171901952347
 4.1929913815583859
 2.1842881068473408
 5.6295354500946697
 -17.36718966629676
 9.514758840491238
 -0.48920078759355201
 12.425316105283574
 -6.7342149283811068
 5.3582120879064394
 3.6050894975532493
 -6.1357047770204174
 -7.970848644166586
 2.2790719172552221
 -10.97716926965038
 5.2701584050807782
 5.1558189504868723
 -2.7008520591615004
 13.936236083913956
 -6.940737359439189
 1.7694993376608903
 2.7464439370553935
 2.1624410105279859
 -9.0694674798123511
 -1.4116080245014337
 0.49364361180789651
 1.8730340155558471
 -6.3269957063693543
 -3.2435690049657131
 -3.2900908127537702
 -2.9141491812612528
 1.1436546284260785
 1.1315718467000366
 7.6073998053685852
 -10.024965707140582
 -9.7564860959754007
 1.1656650012224365
 9.7454062941554884
 -2.7759882717411872
 2.9022428240306488
 -1.1722347846815298
 7.618383460593332
 5.2914122072928986
 -0.36582956723797239
 -6.0662881045572785
 5.0092378612420294
 -5.0557346396589766
 -15.134574586350762
 12.789695313137807
 2.5771705035410699
 -2.8123018750648776
 7.5944931507884821
 4.5328278001277882
 -8.489522385790643
 -11.799184314957344
 -9.0262890995526774
 -7.7504362133055453
 -0.77458827626495275
 -4.0160823151339722
 -7.5111591035516003
 -6.9185792579274903
 -1.2240452596887159
 3.1313716280349895
 2.1040337218376566
 7.9128018536177827
 0.097024744110848257
 9.2931082722615788
 -0.62218455421620378
 8.6356423687071295
 -3.5304085059364589
 -3.6918582890747103
 3.3666203453492418
 4.7157333089881321
 4.3492346474580579
 9.5896491997031887
 6.7344166719647127
 4.4014364510834838
 10.34223627199877
 7.4041034330667372
 -13.067179475165879
 7.6053798993109574
 -1.0853392956895582
 -0.48493200483499249
 -5.2387587720086186
 1.4296467866950657
 -11.334359363884227
 5.3699789754578315
 -1.0494907163673286
 -3.1330226840155531
 -3.9351097950221789
 0.15465869112369579
 3.0764918321160453
 -0.98009466677009538
 4.8022940235274358
 -4.7847384436922997
 0.60916022823869076
 6.1663885077412015
 -1.002964169311348
 -6.7789793235404883
 6.4120357926284619
 4.7554422111735155


