# Created by Octave 5.2.0, Fri Dec 17 17:34:13 2021 EET <alexandru@alexandru>
# name: x
# type: matrix
# rows: 252
# columns: 1
 0.015087783452996857
 -0.02809804372813272
 0.024375485399633884
 -0.026036978665747681
 -0.12358177359082348
 -0.030540194493750859
 0.016807150400862468
 0.037969540467819134
 -0.064006458781506056
 -0.019681631877770788
 -0.18233207198614979
 0.20608631248234965
 -0.076217284342973604
 -0.039040191977316847
 -0.01264782786430884
 -0.010965133010991571
 -0.068823661326491037
 0.051553355534160121
 -0.015001699941087906
 0.0093277175930455442
 0.24080473770637623
 -0.076044207069744421
 -0.014167077812452368
 0.074134390382988399
 -0.13406158979867297
 0.17389094754562293
 0.12017980771487508
 -0.11419421663841811
 0.030100639973969657
 -0.058427995356195327
 0.048963815858938331
 -0.058014724479362255
 -0.012264620783892129
 0.02186229204929397
 0.14631636995909877
 0.084240788868571198
 -0.038712127131666739
 -0.0050764755004551647
 -0.01883062509966648
 0.057996260379282884
 -0.046747074014757632
 -0.18498748450800273
 0.059300981474142735
 0.18035863502316213
 -0.07082583202810977
 0.063861224670957867
 0.0054328867918630392
 -0.080815019313100561
 -0.099084632975804943
 -0.095130130733359089
 -0.032623047038221123
 -0.15551248499161888
 0.10787276425788261
 -0.15091772841758402
 -0.02926876987383889
 0.043540323695448413
 0.14613484184612199
 -0.14966172805721181
 -0.10288871395533296
 -0.025579677496593654
 -0.085627747134702614
 -0.041635766436230986
 -0.10925232740436544
 -0.03038407427059461
 0.035066457935386014
 0.13700379416919403
 -0.1184613949988602
 -0.077573596499903197
 0.055816290204425849
 -0.070946914173701192
 -0.0034862132456027926
 -0.0047657567848880828
 0.0037714863311724017
 0.13435343192305593
 0.065394248112795969
 0.040775117112042028
 -0.025728786937932267
 -0.068582895927804907
 0.07090427925980565
 -0.00039595682721588828
 0.016738421589454683
 0.082126809454212357
 -0.058530940955322665
 0.032820996652705874
 -0.024751800004215195
 0.090092191222584161
 0.037670887521768441
 0.019186617400856133
 -0.070542475964671641
 0.0094587286905465518
 0.021350023675543756
 -0.04468878975830904
 0.11415186397132415
 -0.036621552795680808
 0.19502924224045118
 -0.040042697495029957
 0.065248149783176293
 0.042926469329601966
 -0.13128812313935445
 0.20423936093920245
 0.18323826249745273
 -0.10840173161180985
 0.065843036848370229
 -0.17021091587302531
 -0.048635674944160726
 -0.15189718016839887
 0.084475121034535805
 0.084108374686234985
 0.053742629231203765
 0.022679673164843039
 -0.023757444650049184
 -0.0012624289452828586
 -0.091745016323000708
 -0.05109929127063699
 -0.10165933936866868
 0.041375008103245139
 -0.059160547678545998
 0.026528149925111953
 -0.016572712571343667
 -0.10923261909481909
 0.033494076119206517
 0.17465279925818997
 -0.030752704501231031
 -0.032099419860693638
 0.14623558113012489
 0.069514625528901225
 -0.026160537763418645
 0.12178232143934932
 -0.01065573835193989
 0.10293092086296922
 0.082629552679311033
 0.004310322846262241
 -0.071867260670496216
 -0.0060148466083084938
 -0.079041095455778101
 0.09755367084835978
 -0.088264398268859887
 -0.084164616019961336
 -0.13971426352164823
 0.009619320300062819
 0.11079100985461919
 0.089226310387243435
 0.0010704670443114795
 -0.11382602909195906
 0.017655140136547034
 -0.057993715092385795
 0.078068924840018733
 0.083825151630851871
 0.056232627929378089
 -0.036603783959511221
 0.06298624775145184
 0.0443693143397422
 -0.018004819711767744
 -0.040060489218879704
 -0.0055438250993068332
 -0.033026106661162818
 -0.018591945861962396
 -0.024859364205876436
 0.051731723910380757
 -0.033862036706710931
 0.014067926541372735
 0.003102281127905534
 -0.066730029148602182
 -0.20983298069452816
 0.047595225841516813
 -0.020972230805835639
 0.01717600307439384
 -0.020756935182614414
 0.063765330714849383
 0.092138039357686358
 -0.11588437922510599
 0.0033054745993128564
 0.074036069127561138
 0.073016653453899433
 0.046727094921946787
 -0.076672785697767629
 0.089360958575608648
 -0.23049649719647036
 -0.011169069439142282
 -0.1436439945463206
 -0.12521135101867267
 0.18283702809662203
 0.042820365734982907
 -0.03130221772389815
 0.05614159487737462
 -0.05498545300914872
 0.26411603961408014
 0.13920886588231038
 -0.17901118792744525
 -0.099127274388848385
 0.10330696003071366
 0.03906295783175999
 -0.016279619985305045
 0.19695899932747252
 -0.0067399972658765779
 -0.14569661868228806
 0.07064439554458346
 0.06934848119222628
 -0.073543097581346056
 -0.15422733273282213
 0.17362951307102195
 -0.10128324576864302
 -0.046613060119640788
 0.052879088016114975
 0.05244767865628816
 -0.16049539464645934
 0.04899219339932244
 0.019000818073071305
 -0.12735418709788679
 0.17209960529208049
 0.12229254717739724
 -0.12369833480254303
 -0.0050432992248312962
 -0.22600157331542911
 -0.058260975997744754
 0.11259768742776899
 -0.09715754645969836
 0.082596675012448204
 0.032963007901207333
 -0.075567800006189512
 0.00710378847635667
 0.10787061593310915
 -0.23936758000864064
 0.19587403538911419
 -0.075663625647996932
 -0.0039133494391068793
 0.060082529313611528
 -0.051283687219232113
 0.077247292723451738
 0.040764449672821904
 0.22716704059045531
 -0.067498121505392528
 -0.022434988243604456
 -0.0050533368313318968
 -0.15848549087891911
 -0.16834265966695047
 -0.064502854459627015
 -0.045818404910924121
 0.14713417933855996
 0.073087035608513248
 -0.020836744538449695
 0.035493340267542126
 -0.022025565010401888
 -0.054186502166627779
 0.082211208875124439
 0.085857666856400491
 -0.019426439046355725
 -0.043367002815118627
 0.09312141295753143
 -0.0030861604821964682
 -0.089428582668999501
 0.14107568495300737


