# Created by Octave 5.2.0, Fri Dec 17 17:34:13 2021 EET <alexandru@alexandru>
# name: x
# type: matrix
# rows: 268
# columns: 1
 -0.13988279719812921
 -0.029722502404289527
 -0.031791163298386167
 0.03693029138509648
 -0.049332550435791905
 0.03954320055319311
 -0.084924531116678914
 0.039013998929687113
 -0.064902676174619936
 0.17229117457499629
 0.0082325088763292517
 0.025979826340100213
 -0.043564272413169028
 0.057351462536829788
 0.024227009976437824
 0.17675004418688156
 -0.1087183325124043
 -0.041280924569186229
 -0.014846348850842864
 0.0041637020712566863
 -0.046060043337657529
 -0.097140842075344291
 0.09823880205894546
 -0.014431918007177399
 -0.0030031077498904476
 -0.052604326896407094
 0.0030627228287939362
 0.0022109503469459977
 -0.059365446629680858
 0.05417919925127241
 -0.032381955283620069
 -0.018832394659540643
 0.055999840114225326
 0.13533160225205862
 -0.040223034092673818
 0.22145738550549518
 -0.11355928071850328
 -0.050775479097200329
 0.053334556237465663
 -0.0018651465090302477
 0.089947473767884825
 -0.024859636561299348
 -0.017682345604012269
 0.092398868375498502
 0.11052529224500465
 0.011697113769307483
 0.14286143285761521
 0.080181430736750561
 0.036008800366358062
 -0.035895581112922424
 -0.0104389403366811
 0.050630561999429738
 0.089958787156987366
 0.040478002620400307
 -0.070160609623659401
 -0.013458066166865616
 -0.10172869249051837
 0.051086910362681433
 0.13691353386197941
 -0.033389728284379507
 -0.049766679740259952
 -0.056303757168906017
 -0.015065183600168413
 -0.11266192603781115
 0.037681929720845615
 -0.0044326997815567629
 0.11550635751611557
 -0.040451129086883746
 -0.087441150406969231
 0.15252438249963757
 -0.10269829388547951
 -0.074261597029053661
 0.060916209097554075
 0.017030847051180784
 -0.089235250694122595
 0.074772701313938997
 0.060083492598010733
 0.0023412832441376606
 -0.0041979156417293832
 -0.10742920018950648
 -0.064772065958874456
 0.059072937004127753
 0.018468529032624682
 0.1310732628444001
 0.031029838828410899
 0.065690158409651742
 -0.05758506122317382
 -0.072616275281659079
 0.04813354701039161
 0.19755467749933689
 -0.042550396140175098
 0.073925675543348682
 0.043939319647186947
 -0.11776116647864622
 0.03093618047946306
 0.046369724369985862
 -0.08175596426666254
 -0.029390193047877797
 0.047217466405288892
 -0.052419618587972415
 -0.17783943541185018
 0.038508239774648005
 0.038062047077659013
 0.0061467555343844155
 0.045773113906248837
 0.0216473442278904
 0.045202979329538005
 0.041986904841890618
 0.10319157728852282
 0.01499725412330242
 -0.11068368398400137
 0.07219244489016155
 -0.019720331419735612
 -0.14954029771784622
 0.1779390510244416
 -0.15516422805752295
 0.0019483529511961494
 -0.23853343211075237
 0.060678793167603627
 -0.058387519206148042
 -0.0063952109327935587
 -0.033991619108423965
 0.028417241898727165
 -0.0032159372590349279
 0.049358846612232915
 0.15504643047446168
 0.025160817238922915
 0.034178529208617886
 -0.094923011967685975
 -0.15477674813157632
 -0.040382018759452472
 -0.028654413451736954
 -0.0026278848498173203
 -0.057671482568296045
 0.013817874366583733
 0.081225882606797514
 0.10686747235428658
 0.079254526806323347
 0.065823458833580414
 -0.19125057126689987
 0.17880054196622688
 0.11056030516654111
 0.11366852189404592
 0.045708956892736102
 -0.0072018929670392738
 0.12308317681140239
 -0.10753107950551279
 0.050729745906700131
 0.0044001256953147593
 -0.0018672706214874445
 -0.10236633563587776
 -0.094186124933089532
 -0.046735353210292457
 0.068803298866585982
 -0.087978314318247375
 -0.088680633981471996
 0.068274318010567728
 -0.0035688080351213678
 0.0066822408423537101
 -0.074355929417778258
 0.020628537933446368
 0.18067113847457678
 0.08565973268409853
 -0.076696282426285151
 -0.028044219967285344
 -0.088742201077860891
 -0.089901804634040461
 -0.15702763446339588
 0.016972825458784743
 -0.012902430926697944
 -0.054535627917171446
 0.020425527579371695
 0.05176296745963202
 -0.090066983947198948
 0.028357378722470218
 -0.023379242611028295
 -0.030600429896492344
 -0.047888178891799076
 0.11881228214287515
 -0.031680919645130985
 -0.081925788579518016
 0.01054337530219283
 0.049072777309833782
 -0.11046718647353286
 0.092490732022949565
 -0.086366801866325948
 0.054230184975368495
 0.056142098874747776
 0.039477298094270641
 0.016465178266103459
 -0.17135876329483327
 -0.061445811486799229
 -0.18063714502877742
 -0.090463013708431073
 -0.21969583906022014
 -0.019163907059740509
 -0.0079761134008052847
 -0.013813125330873179
 -0.16230983835483806
 0.082540546931858028
 -0.07397858049899407
 0.077992903527025342
 0.0033626038139831713
 0.10981880934266341
 -0.13394691843194728
 0.017002019721362116
 0.054982244858559848
 0.10166787471720716
 0.14746591454350849
 0.035775058096404688
 0.11118136725408159
 0.10016476124531364
 0.05747556842104639
 -0.0054887955857092722
 0.021572981192700694
 -0.0061138047819828028
 -0.033323804900341009
 -0.0067204952425147712
 0.091029848092721299
 -0.088523678447569032
 0.1592416158364747
 0.022389133633509691
 -0.078716172503842663
 0.0010675697794705653
 0.0401517993723517
 -0.08239321966869724
 -0.12788126719326953
 -0.12021324971260899
 0.049106853934825334
 0.096320574857399047
 -0.0084677233494868925
 -0.072470300759405137
 -0.048531488439259363
 -0.13979871648709269
 0.057666745057945015
 -0.073438351872413418
 -0.065312710616891437
 -0.0015252723368532331
 -0.18069553024726848
 0.074248728795936927
 0.029591281263172221
 -0.068177048025355749
 0.029010598844024071
 0.13610062038671575
 0.046081235322030747
 -0.012064086700741945
 0.085369609278851219
 0.023142822618056464
 -0.15865716688860382
 0.051809715574233327
 0.067403257502406916
 -0.12392571143946153
 0.013115352212785274
 0.034889685798370006
 -0.054224229926677553
 0.0074152228834862008
 0.0047938633694057601
 0.1424680268153323
 0.0077518571842670799
 0.075176241826002993
 0.015857946277485234
 0.1697635567421828
 -0.016934542311582312
 0.0065299542228622973
 -0.10166238242146151
 -0.048739223464125736
 -0.14841530106078582
 0.066911072704102389


