# Created by Octave 5.2.0, Fri Dec 17 17:34:11 2021 EET <alexandru@alexandru>
# name: x
# type: matrix
# rows: 112
# columns: 1
 1.4575547080785873
 -1.5650604128040628
 0.58056306775170829
 0.48421433783934137
 -4.0367870908544123
 -0.76589047357028905
 -1.3717013895731018
 -1.2769881699500767
 0.71490679669450274
 -0.70977208977926987
 -1.4800924503504933
 1.0996685257675616
 -2.7843677474599349
 1.632768832571426
 -1.1055021092331461
 1.1702763678539447
 -0.90828821036161966
 0.8268858014603212
 -1.2210761766152025
 -0.96146763469096586
 -0.52621848900838064
 0.71375086323113435
 -0.22198633583147392
 0.89276482860920992
 0.32945732892162249
 -0.76554441282542918
 1.1549243112156666
 -0.16809815792051394
 -0.010514368372828275
 -1.7393814212688186
 2.6690298112072219
 0.36396500795701298
 1.7284355673519127
 0.40134064070717129
 1.1136650111352446
 0.099154517013136365
 -0.27137214929544301
 0.22216545294562057
 -0.33517892584145215
 0.57490638452250986
 0.01951684976379698
 1.0697235577695654
 -0.017884450954529563
 0.0020916670479015562
 0.71986126097182013
 0.2094743676116223
 -2.2804412336882307
 0.74968316425429371
 1.1205361283507613
 -0.70873316316831003
 0.86266379475794497
 0.23646440055414014
 0.29274419293927084
 0.19042945568017927
 0.89292547046011517
 -0.37314678474504009
 0.12741044982165653
 -0.7843911273234796
 -1.6193647014948602
 0.14835914408995815
 -1.7139882377981481
 1.1144173062109257
 0.96661134415404915
 -0.29064094048250849
 -0.66787508069332036
 0.31763983733426571
 -0.72402739749882994
 0.42526013007278196
 -1.0615887516537363
 1.1380702034843717
 -1.4930662692992998
 -0.18769743837662548
 -0.4325969410458041
 0.69807402921694139
 0.88222462990696382
 -0.9916111474022159
 1.6085989733728197
 0.90407547955564649
 0.34727247663522026
 -1.0527052487423203
 1.0214042345059968
 1.7653804783458371
 0.43339011454774667
 0.59009929237016057
 0.63593647456108415
 1.5758961671554765
 -0.060179468507562145
 1.9120882374876784
 -2.1191534104520837
 1.9595551041413044
 -0.37075810890426597
 -0.17497325707256423
 0.27983004027589364
 -1.3307824135985695
 -0.71976986871685056
 -0.42036123940667902
 1.0878430320730561
 -0.25457330057533656
 0.16662549235087579
 2.0012632919901105
 -0.9017998976127235
 0.53168870993976314
 -2.1212685035898704
 -0.76874935149454748
 -0.70775975315051531
 -2.6147061511913541
 0.39523120856114807
 1.6099276952063102
 -1.0282848541030649
 1.4492739786142559
 -0.67715401784497042
 0.1466588857049467


