# Created by Octave 5.2.0, Fri Dec 17 17:34:11 2021 EET <alexandru@alexandru>
# name: x
# type: matrix
# rows: 23
# columns: 1
 0.81879370184072542
 -0.80106145806434992
 0.87206648868018521
 0.49799909202159381
 -0.019610418677544515
 1.918008301488825
 -1.4996699681163552
 1.5271634574513473
 2.7681870348158952
 2.0941128703204508
 -2.6487112147539014
 -0.50495033423836355
 0.33654077726042148
 -1.1168889872706274
 -0.0098994838410836217
 1.1748295580851107
 -0.18640654473744947
 -1.1384773969432043
 0.37878375475508208
 -0.28734051731334032
 -1.7530015798823337
 -0.13838268648439567
 -0.83189863546833465


