# Created by Octave 5.2.0, Fri Dec 17 17:34:11 2021 EET <alexandru@alexandru>
# name: x
# type: matrix
# rows: 81
# columns: 1
 -12.26487740014946
 -1.2574038216090631
 -10.692645328583204
 -9.6914593993401201
 0.77374490298781062
 -10.052703373642087
 -12.36603405538658
 5.9726517912951831
 18.200538285715147
 -14.784470197020994
 3.3582604534219209
 -5.582492299916896
 -11.04202371990057
 -6.9591709338458365
 10.380005755602282
 6.2332135464882183
 -9.9168194511320493
 -14.31105824469245
 14.260173050896389
 9.4388248402064505
 -10.665146343885814
 4.5524892980148826
 -9.0015400676437984
 -6.1660723740805743
 17.275156015825871
 4.1756789038084232
 -10.203297576664012
 -10.216540699450903
 -12.720677030172064
 16.4201866044593
 -6.4606030968929984
 7.2009780120963987
 7.1224309837648336
 -7.2053181457621855
 -25.579423725839604
 22.626412774830712
 25.995998999630181
 5.7504755343463634
 6.9422071035490562
 9.6359020925134349
 -16.460997388173862
 3.416182322523285
 -12.074056169375334
 10.177685994437672
 7.4419669215528836
 -10.42763180849707
 -14.129855049938861
 -10.114524244058723
 9.7803983412841351
 1.464368407891913
 -11.03422088315598
 -15.228379707797039
 -1.9138269371928582
 -2.8480965481634848
 -4.9737389838858954
 4.1637616450356889
 -0.14446020805044099
 20.768582887342557
 6.4006751647246967
 -3.2365336627426347
 -30.553995792981116
 9.0617217137382511
 7.2315058411120736
 3.1691361508065894
 -6.0743760337622152
 -2.2490133723581582
 22.114567151826112
 -2.364041177321782
 -11.703373004115271
 -13.996359312086565
 27.594026676501077
 -5.2039416247079018
 0.27711865430288668
 27.846699609194257
 -7.5978411269725177
 18.47948425208541
 11.226864521382637
 0.52484631235257551
 23.453832014940417
 -8.4033010083064372
 3.4945429755516626


