# Created by Octave 5.2.0, Fri Dec 17 17:34:12 2021 EET <alexandru@alexandru>
# name: x
# type: matrix
# rows: 115
# columns: 1
 51.838480181644314
 -5.4771244187839088
 64.144345332967433
 9.1353712260793305
 -41.227570524909531
 -24.58996913462876
 13.2280718742881
 -1.9548056591785619
 0.94387618747251112
 36.320883626998693
 -51.748620207218636
 38.07325456693593
 -30.617894697601269
 -108.44787558934239
 -3.4339216023529655
 -20.266615780760624
 25.000817064397811
 -65.915466419707712
 28.927771930679263
 -69.87632883285562
 42.754115350283584
 32.969902860775072
 -16.628820563713624
 -12.412715957646141
 -49.769389344667587
 -83.55330540678095
 -40.614579309922725
 -23.29023100666879
 11.464801033429065
 18.706210069669588
 -22.322848771139938
 -95.406481023298355
 16.434888490647939
 49.077389434141281
 -64.971975875265585
 21.793300259485971
 -45.341727013348233
 -17.542998259458106
 -41.461667623421505
 -17.560178549093806
 73.802360455999676
 -130.00033745151896
 15.135393202689578
 -83.755822137309409
 32.051836827607424
 10.414194974526998
 -11.97291376867895
 -10.004039542152244
 18.695237633809612
 72.313427984137363
 8.1610052411478176
 97.245763011358974
 -11.40955814970993
 55.484736522014288
 -69.625764998983314
 -5.1785851091943629
 1.5276721132387701
 46.523095790825813
 16.04690233092931
 -77.955920893314413
 4.7421773971080583
 -67.099328487396519
 -13.868061379807804
 64.885017514967402
 -14.078034798864326
 14.82575172750829
 15.875818596699716
 33.618923320563482
 14.928130847071314
 15.6854358513246
 -48.254442326707327
 -19.984714756989462
 16.339406747430964
 2.974856645432618
 -4.9130331134473453
 -35.835734089343845
 86.721522740839006
 22.966928539596868
 -32.065972112827467
 -113.88101326390662
 17.910837732364378
 30.546188500553551
 97.248601205349317
 -88.247275993371574
 91.123221291182162
 15.118131161213183
 102.08088174018461
 20.027965782748257
 -32.504207254678327
 11.376116551927407
 -27.564997067847806
 -5.6993442064865034
 51.971972521415232
 10.482520570826594
 52.104328898699016
 4.5815665462963748
 -68.199680637184926
 -11.207714389184639
 -9.0217744096016421
 4.1878659813988994
 -3.1270533732296095
 31.51847252189453
 36.191168377266678
 47.657644051180462
 48.228590122476966
 25.30604813510028
 45.34802821817766
 -51.703777738656918
 -57.957846713318133
 43.252973408411087
 -7.6606656013049896
 36.456207470059688
 27.57087177323368
 29.184705205247976
 -0.23609263905042627


