# Created by Octave 5.2.0, Fri Dec 17 17:34:12 2021 EET <alexandru@alexandru>
# name: x
# type: matrix
# rows: 142
# columns: 1
 3.0974928572659359
 -0.15489746197351154
 -0.09988192212170191
 -0.16950187109435125
 -0.65337313020876386
 -0.62922471777203348
 0.089793482835128668
 0.81122272945860896
 -1.4696524569529126
 -0.34467423926511248
 -0.50157324604853448
 2.2731956693513422
 1.8276604167369526
 -0.42616923983142563
 -1.4011907427587644
 0.081677308138294033
 -2.4143601344207735
 -0.082826282471092402
 -1.096253383586038
 -0.50444932784910956
 -0.38729152506249215
 -2.1361351685824679
 -0.85960193396105844
 -0.46495035378881117
 -0.35062021442342972
 0.91278880192868306
 -1.7556252163334534
 -1.060821182825469
 0.3616578344710929
 -0.38160761866588788
 1.5175494292400025
 -1.0077437648691876
 1.0082761071019777
 0.1390752323530782
 -0.92846477261982185
 0.65468286361743711
 1.1967646291746374
 -2.2946339688359583
 0.11239801952683807
 0.14992952974826293
 -0.66414996660294601
 -2.5786294200159037
 -0.5804325034350013
 0.14681140240112664
 1.0259033475252723
 -0.11442430053345848
 1.7331012504909851
 0.69308925698333401
 -0.038019968324106874
 -0.91515811548622528
 0.59415080722861779
 0.8601421534590511
 1.8779515202304615
 -0.015539675340232956
 0.32069095037872464
 3.290550061620527
 -2.0829818742592918
 -0.40879364891893505
 -1.3723741619924041
 2.1685275525020695
 1.4582302250532917
 -1.739637741329819
 -2.9517513006343195
 1.4702774894414621
 1.1266395143913219
 -0.21886000867827748
 0.71098505066020168
 -1.9188938488476615
 0.026926848088849015
 -0.82696323681826811
 -1.843694795054031
 -0.25983523674311171
 -1.3099950261663569
 0.2723650363925833
 -0.68782524182765981
 0.44086511289969782
 -0.56407213916844134
 0.64089095398614981
 0.13876673385817082
 -0.55996720586064785
 1.1348713959818411
 0.34006703577496622
 -1.0404905970106839
 1.3595955333972094
 2.5364271666498537
 -0.40247486122894172
 1.0999562497143103
 -0.22669312555126114
 -0.1488411660490499
 2.4344551561516772
 -1.6920715015149133
 -1.8063861756206179
 -0.20116213330421734
 -0.9512422426063678
 0.61083117321332792
 -1.5730911946747912
 -1.1298930279252322
 0.58020039033080661
 1.6945411527209226
 0.52602873434682218
 -0.16391078165904002
 0.82759028441536309
 1.4067257280897423
 -0.39278573250310933
 -1.5914375972830306
 2.2134700439832535
 1.7320699354463327
 2.9963218321163692
 1.0727178014571774
 1.0931251131589947
 1.1001964750512025
 1.3675538357375714
 -0.26971009815634855
 -1.1771216684647023
 -0.96279890467325924
 -0.31435347814391235
 0.25141103550950422
 0.54884816008056869
 0.70135536938256537
 -0.41773271500096482
 -2.0767673562650852
 0.038054367633953749
 -1.5489196521939037
 0.5050653240324432
 -1.8262598018201863
 3.8846701572502265
 0.9433585851660049
 -0.031553179491442096
 -1.1671678192416115
 1.958517358791801
 -0.23245556621947294
 0.087535586847877239
 2.2441477083538546
 -1.838678978507734
 1.2617980946639018
 -1.591016529916609
 -1.2038519759220927
 -0.75619903460706828
 -1.6538689891952223
 -0.39461864950979714
 1.9659082066951326
 -1.0956996859468879


