# Created by Octave 5.2.0, Fri Dec 17 17:34:11 2021 EET <alexandru@alexandru>
# name: x
# type: matrix
# rows: 38
# columns: 1
 -10.049868076079646
 6.3932112952879514
 3.9690810069151423
 -4.0257725417492551
 8.8230686483779923
 -8.7551117988433482
 -4.4201662821657939
 -8.7948960553354638
 10.871074633031007
 -3.0012459743672313
 -5.7701553123296456
 -9.2820538713307119
 7.935904270361327
 10.461141525013824
 -3.4883050622030098
 -14.416692369914644
 8.9375517810628118
 2.3661423925597496
 0.13137344551787317
 -11.569112693635669
 8.6383058058993551
 3.5434568118746403
 11.485527892564614
 -5.5965594057845927
 0.80502245643094994
 0.33562980105934903
 18.227663916610091
 3.8935793389699245
 5.8049278591821674
 -10.648858189925136
 -5.2330651429267041
 -4.9716468278202761
 -2.1557850480667287
 -15.828887082956319
 -7.3220486549689099
 24.94439525146695
 -13.073121944144638
 17.971501111895787


