# Created by Octave 5.2.0, Fri Dec 17 17:34:11 2021 EET <alexandru@alexandru>
# name: x
# type: matrix
# rows: 57
# columns: 1
 -42.603019970678893
 -6.2470822171613527
 5.0883473947739466
 -5.7305049994488186
 24.617528308152043
 -43.650212153575183
 -1.7368819135534668
 25.195327155586419
 24.515934529130107
 -30.87162249633182
 -35.04520783571752
 -16.839319353373842
 17.491031302518941
 -19.206648464170648
 -19.548322600517515
 -5.8147371617552173
 12.264895060895858
 4.9507999665456008
 1.1254115735336172
 29.667190046569377
 -35.699291671592974
 -1.7384008328373584
 34.784330969107032
 0.072900243552450339
 16.855568609255965
 20.41243161494203
 1.4417948368299329
 -20.837122883713796
 11.421275978939311
 -22.337423168846218
 -6.9207545214892052
 22.940249333926474
 -26.877716797847011
 28.584867700296037
 -15.785421081127502
 -19.906444091568844
 30.594972312828975
 -9.1983391880827767
 -5.8100461737423457
 -16.671206939124115
 7.8549237235224103
 19.928627563222669
 -7.3730734379510015
 0.62784998250609436
 6.6849689892294668
 11.511729781616722
 54.466414933517548
 -21.399518939695941
 9.4840106953961527
 32.015535141692062
 7.8443890409023744
 13.835092828749069
 -23.649403583421531
 -20.250285705041179
 -9.796945476571306
 -6.2120297175999735
 0.89846469927715888


