# Created by Octave 5.2.0, Fri Dec 17 17:34:11 2021 EET <alexandru@alexandru>
# name: x
# type: matrix
# rows: 90
# columns: 1
 -20.174878947180527
 15.498631669113978
 8.5711161994549325
 6.5385289977450638
 9.3123722108533862
 -7.0805141381045251
 -11.16038175643723
 30.713033449611018
 6.9743073154801003
 -10.067259878588306
 4.2166592664781835
 6.1256912627535858
 15.927281271995319
 20.836728722495518
 -3.3111548390105345
 5.6862014827292811
 3.6702710394358857
 -4.8200329948562448
 -0.42651255758345002
 15.209987722898244
 -0.0095077246466838926
 -21.436787277189595
 1.5633978729595523
 -17.040569643511745
 1.78948653490948
 -5.2600623493243894
 -13.114497749059591
 -2.1342789820799921
 10.071863550278133
 8.8350782856844035
 -6.7422348094754483
 8.3260513057849828
 14.725260788722014
 -9.2346768785952715
 -1.8132071773971015
 15.253755718860827
 -6.0773643481563608
 -2.3421116882166388
 8.7893846443541968
 7.3570637389050688
 15.322635848450005
 -4.2046578323830648
 -0.46769897790532505
 -3.0014224940472105
 -6.7863213862949001
 -1.6279042757695081
 -2.9071322015052541
 17.726398335653769
 -6.4673281022375972
 3.802061488351959
 -6.422682388473139
 2.8436869257243726
 2.4215916985963948
 -4.1626345674271024
 -14.108299242320832
 -17.55813013930716
 -16.515728159922837
 16.922156327143856
 -11.648678135960179
 24.974650278845363
 17.789183379660489
 19.443092268424035
 6.3928187568030443
 9.2745438042321169
 5.358230728541078
 -2.9889179097573186
 -5.4702501933773062
 -1.3621968754298339
 -17.7137339579842
 -20.522541218004619
 8.9230315214817857
 -8.8861336683996903
 -0.22409470708149556
 -7.1284656708216927
 -9.2927966594545452
 -7.2899973616508484
 -11.652630175417125
 -1.4506279519024927
 -4.5922587288189627
 -16.464435171594463
 -4.3535937255263821
 7.6420215376967979
 -9.4146965060701451
 8.520368418250019
 4.5935871225351415
 -10.033251046784326
 -6.292003349906393
 10.64865525582978
 7.6711642135224585
 -27.741595696716487


