# Created by Octave 5.2.0, Fri Dec 17 17:34:13 2021 EET <alexandru@alexandru>
# name: x
# type: matrix
# rows: 262
# columns: 1
 0.064803297683154862
 0.051532016009413213
 0.037107325326150187
 -0.16684245896330185
 0.081216787664668694
 0.0087465877570199486
 -0.063932299772342591
 -0.031325001726575513
 0.12263119525639887
 0.12212255234484232
 0.041568128342552052
 -0.028638587763854167
 -0.063434603591328936
 -0.098465572694624415
 -0.041254393014643356
 -0.13158502472996556
 -0.015074343364192071
 -0.059003052550139337
 -0.047528933783599743
 -0.062663149249067185
 -0.18391321349087131
 0.0047288542151703574
 -0.040918364655133752
 0.11519778109648621
 0.0047565831104472902
 0.078045256889055586
 0.086694851266593237
 0.13929571900108281
 0.098007123680178443
 -0.098224655722955259
 -0.017488476754864143
 0.12300779366402022
 -0.040283586451960306
 0.022704346115052784
 -0.022410133724325782
 -0.065675183233020018
 0.078257583718024396
 -0.04359988333480385
 0.08573728450092323
 -0.20526838988269194
 -0.10228541218463423
 -0.058266618017280475
 0.12015672126660888
 -0.094516940503932792
 -0.064469723544896634
 -0.0032776643427263057
 0.081172516810859227
 0.055649679970859428
 0.017884058519424206
 0.014881113714538284
 0.047695180039563918
 0.13207350261990092
 -0.021449647301975065
 -0.0083295874061814247
 -0.081238138833486531
 -0.033636446568527413
 0.10044451903804659
 -0.13858807544031077
 0.0052897139038029705
 -0.028376842771890981
 -0.1972653172789324
 -0.081431652360108658
 -0.065595173236810536
 0.045290684210702647
 0.083370518027646945
 -0.075527235351415256
 -0.070715959300120451
 -0.12731089845006729
 0.033670158690014072
 0.079240083628601451
 0.010527668518232586
 -0.059996949061106884
 -0.17132987046708284
 0.19282215971608863
 0.091275861715423623
 -0.24358905050784754
 0.15933319591956188
 0.071772098450248789
 0.076907344229327781
 0.037522434810593634
 -0.01515158426593035
 -0.10517524143416999
 -0.028979537973057343
 -0.11640706803941067
 -0.0095412315033781073
 -0.11123660889778257
 0.0037974684870746519
 0.020202476921437833
 -0.11224535668070582
 0.17687339814992664
 0.18466069267232116
 0.017008803153635191
 -0.022773843466056199
 0.070144727839124052
 -0.00043697345022703415
 -0.087272018457626666
 0.11749284057461314
 0.040861124165411634
 0.088504548747518924
 0.10258064052913098
 0.079764330731934313
 0.21752132506484459
 0.048496594499009713
 0.077154695434526591
 -0.055986318560147214
 -0.072763034783143499
 0.1243189067677202
 -0.11542971086995753
 -0.033834012440741801
 0.15688649531451621
 0.063146882075067232
 0.074997053971048472
 0.093534132446037463
 -0.022957607702336638
 -0.034005097556316463
 0.049453701332612829
 -0.078967622172040189
 -0.086971419321694221
 -0.068999960457710952
 0.0047334017387253135
 -0.01640542450848587
 -0.11829509181189929
 -0.086711616461613239
 -0.039879738282422091
 0.22207564417109232
 0.11026309369425909
 0.094135054899102635
 -0.11440926830268011
 -0.13434153685646213
 0.059304354726162592
 0.10182555744792607
 -0.043703455395623342
 0.062863874010553628
 -0.012592003550358047
 -0.0072968018802118855
 -0.044347281397866582
 -0.077138591796365952
 0.079038251384002875
 -0.068941553864443048
 0.018296427683921628
 -0.014201659268244246
 -0.0060020434678649693
 -0.042646089210196331
 0.032318074057533036
 -0.038348943983022701
 0.033490123728642629
 -0.11621171576690278
 0.088104716925711674
 -0.014398092855110366
 -0.049434821080904572
 0.12952603132674143
 0.020456427148249769
 -0.039353155052313994
 0.093711100124567709
 -0.18388940152821343
 0.039037713645577135
 0.083662359588814836
 0.0074515881990160834
 0.082229041545984108
 0.092910825401467098
 0.023115677773974771
 -0.12536597317751469
 0.024937160675361947
 0.046983036069956595
 0.15554707290407929
 0.093900044691249129
 -0.010953098953491497
 -0.0069351511993013355
 -0.023007306397901335
 0.030593093329145643
 -0.079775425914679926
 -0.012554577212847289
 0.11094491026864635
 0.10996777917212615
 -0.15323228626487148
 -0.118668797031681
 -0.079529846793756506
 0.039533866184690562
 -0.1224021759206409
 0.13916741550276635
 -0.058079909716176513
 0.12533901236456862
 -0.14447932966927621
 0.021188334210656832
 0.043539083631283164
 -0.039714046218391703
 -0.077281204195181655
 -0.088276849295598037
 0.079522048699276177
 0.093414353658005336
 -0.045423244013813001
 -0.001234247159307005
 0.0955148951186129
 0.089156602631780477
 -0.092375666261311759
 -0.037773928653684861
 0.0026031041633953933
 -0.017031699041445494
 0.056918355949399188
 0.043415777078602814
 0.037092923117501925
 -0.063542075677940096
 -0.021605808123572365
 0.083770037357389388
 -0.072594050646610953
 -0.01601318516427851
 0.045162175156758723
 -0.00025952949255378849
 0.049794783491083093
 0.05473252211695194
 0.063740429353738859
 0.17217328278144228
 -0.041343451152403163
 0.078787043541463181
 -0.12827914864768092
 -0.057936834547862318
 -0.007196153986694492
 0.10253908517515826
 -0.023128815475162118
 0.031587953810811996
 -0.12591249243400474
 0.028398572363103378
 0.078161076160094198
 -0.011342213961276756
 0.055017574208195821
 -0.068892727851907989
 -0.13918781170902247
 0.12662859166562426
 -0.059932940167726843
 -0.057155705460885831
 0.13744878866684682
 -0.0087736596449240443
 0.0058131093505735115
 0.006281812259187604
 -0.044128258776942347
 -0.033625491782595017
 -0.058455379202491803
 -0.15992506745201154
 -0.031025109958887322
 0.016749002635786776
 0.0013715759510589567
 -0.015213907458546633
 0.020259219948207171
 -0.113419277776003
 -0.079093356582104798
 -0.0086771230103868374
 0.0013200272785156674
 -0.021508864903709086
 -0.074776314987685361
 -0.1130939542826111
 0.10456958806580574
 -0.1365437813046689
 -0.030256009401809749
 0.010099285293907672
 0.04991040609698516
 -0.04257422699425651
 -0.15446623947015509
 0.056513698021613837
 0.060398945308487245
 -0.02515225048348424
 0.029333089990727711
 -0.016761308788647601


