# Created by Octave 5.2.0, Fri Dec 17 17:34:12 2021 EET <alexandru@alexandru>
# name: x
# type: matrix
# rows: 283
# columns: 1
 0.085858720105434119
 0.0054496685226256957
 -0.022719455314360839
 0.060994516217519223
 0.16342348991741376
 -0.039301876741907271
 -0.057667477426276051
 0.085504282037821899
 0.14345304822718119
 -0.042368642766688086
 0.018406178005358861
 0.22757015264395225
 -0.16302457707295226
 -0.085722898031844075
 0.0062264242508127902
 -0.062207789181262754
 0.034698232981124809
 0.016159351079001526
 0.093625731127181797
 -0.035691240574877665
 -0.044600181361079336
 -0.041115059278567602
 0.15811707683257334
 -0.14328743903494998
 -0.026965238444079515
 0.088417232228164347
 -0.10688462546822972
 -0.14216301167621473
 0.025324846214100274
 0.01531809111509316
 -0.069868969384732582
 0.09755780271351161
 -0.030999299649346418
 -0.05133392431711626
 -0.0080910355514569633
 -0.027756910575839615
 -0.18198751258579782
 0.076387526298065
 0.004585596185200551
 -0.047783065768661738
 -0.071911461768044638
 -0.051755533327110866
 -0.12717507800808872
 -0.066809687025956757
 0.029723749563390869
 -0.065457581981076637
 0.017968153914246301
 0.15695041917519889
 0.0054370728428025867
 -0.092125691405736149
 0.023139999521600407
 -0.13659147631313551
 -0.046220213783690178
 -0.11137795783494611
 0.10231710351370567
 0.24997669704965939
 -0.017712077762088666
 -0.069751689488279839
 0.026154000403982594
 0.14538708833583627
 -0.11140756249105976
 0.020503699116637002
 -0.11864205751019956
 -0.065128339340807806
 -0.051895296068474303
 0.035694422390294585
 -0.043801113892727755
 0.087787772784946302
 -0.14523728739683139
 -0.094870985111391512
 -0.1994075852065311
 -0.087696674086384444
 -0.026404558953083006
 -0.028564021725212906
 0.01279086063427478
 -0.18860255015583305
 -0.16942785466208507
 -0.10496727831272216
 -0.12881423155312466
 -0.039966734748859187
 -0.00055744612982194905
 0.035752857693371345
 -0.15565787382235141
 -0.14798378112593674
 0.041945736337482685
 -0.085772645812964302
 0.051332959854363876
 0.027496690147252489
 -0.057037580135065262
 -0.044757942848410968
 -0.11272943040495176
 0.091769311556515021
 0.11038225487616955
 0.0090009722423697574
 -0.062941220980140489
 0.049536257152393293
 -0.025083012982494098
 -0.096722643103169206
 0.052051814606272485
 -0.0066447692253883599
 0.11459306802123535
 0.018426564557270621
 -0.14606170893298245
 0.043365502080904526
 -0.039982173277103399
 -0.12916328006368397
 -0.017902234888650011
 0.072912117894897724
 0.14573937381880156
 -0.041029119614103708
 0.016995380536964675
 0.080403538898721191
 0.045635088481716102
 0.23562866005220051
 -0.090607088072776523
 0.15863452619452725
 -0.066185568937156242
 0.047426330223144124
 0.011282537716887826
 -0.064662753344269436
 0.17820812878488937
 -0.10949567993247938
 0.072270866547870447
 -0.18506329528604484
 0.097159102088614793
 0.045155010700478865
 0.12491909202144506
 -0.0093078511148812233
 -0.13844634760710997
 0.24943304607740796
 -0.15210276417830773
 -0.15680814569208007
 -0.044804570392114315
 0.039133888277006444
 0.082413292392679832
 -0.10717462229200873
 0.016450015893692549
 -0.13748294337995118
 -0.10955284404874335
 -0.095003102718398846
 -0.11299939275179427
 -0.021781393646228685
 0.065849521901864383
 0.095584489734654679
 0.052061026656499879
 -0.065201680583747437
 0.09395829377722284
 -0.047012301678489327
 -0.078045671407083878
 0.084967361011641318
 0.078142009014226035
 -0.056956549856552803
 -0.10066081130386201
 -0.032797422434724194
 0.15531473473530438
 0.10279818677724836
 0.039329905774070056
 -0.10928183944634044
 -0.15057497407294698
 -0.15568856082486571
 0.073473711760209587
 0.10155445771600478
 0.019892507820834272
 0.096164517223145438
 0.078725726969737675
 0.066102394142684151
 0.15107477893270574
 -0.0068315293478384337
 0.13671663788721411
 0.085777865696159389
 -0.0040462107533149475
 -0.13227750727460738
 -0.007145942016202507
 0.06530551195134221
 -0.11122054438394488
 0.02416441492790488
 -0.035047954803954139
 0.095265420645059176
 0.12499781148940407
 -0.049997806835184413
 0.24438714519318583
 -0.12436442335390289
 0.19455554188117227
 -0.052612943059193978
 0.016227711464842545
 -0.036707328818025971
 0.13274231041455839
 -0.0094462815622958808
 0.10736445918963461
 0.14512236302629652
 0.0078334917980609434
 -0.020934683572410635
 -0.20547281480223403
 -0.057602244499369473
 -0.0066474799727851966
 -0.087103778304443422
 -0.02539728985824188
 -0.2233538794930468
 -0.10336998566365442
 -0.034770398619472162
 -0.013637003923069059
 0.12193197902303819
 -0.027268112559711285
 0.055810691358729618
 -0.073375911271459732
 0.0042072339944309797
 0.055041593107388882
 -0.060008853725557684
 -0.011597008494794604
 0.037458155637257275
 0.17852877030696904
 0.024753781717197245
 -0.090016346721366852
 -0.012010020743875671
 -0.0070058513200507112
 -0.096955695022768268
 0.013082877265627417
 0.014310486641265127
 0.028344421495973684
 0.15219275097054699
 0.096394671183336805
 -0.080649089144286853
 0.097974579969429501
 -0.062721810678697851
 0.078209686387219132
 0.14169655403308665
 -0.066381116907537133
 -0.057679574510158212
 -0.11935955932071238
 -0.089626528633161409
 0.20563236317386679
 0.0038795064296631375
 -0.1831213097089521
 0.05655170531968317
 0.014786282270330423
 0.1579567838418249
 -0.044460806163387996
 -0.02327961793324896
 0.0056233948281707606
 -0.00021039707048706543
 0.14503886202312777
 0.0090018733576856386
 -0.20082840405649866
 0.22788122617414447
 -0.041718391184093762
 0.0075956817650931815
 0.13870979316258458
 0.0098202048604222655
 -0.14625664052553108
 0.011028829690224678
 -0.113283690512702
 0.0083397373917906241
 0.059482515067263909
 -0.05060701612267951
 0.10778539625334213
 0.13730552819243302
 -0.020100550152851376
 0.04109920338272742
 -0.030285884650364341
 0.086248296261959234
 0.066522709871373376
 0.065786969912461274
 0.11689386097752823
 -0.050942673079688541
 -0.12739339373209727
 -0.1921466569442162
 0.073530766357014582
 -0.043695069277195367
 0.15630504069737608
 0.075584142739481303
 -0.069756726779843861
 0.024141834321421661
 0.060809164395216525
 -0.032026523875526229
 0.084878963958955708
 0.13350191055713617
 0.11385247414392367
 0.17053559742514549
 0.039336972700269084
 -0.081254233162804543
 -0.047335176272825463
 0.053005312521577204
 0.013684053506977921


