# Created by Octave 5.2.0, Fri Dec 17 17:34:12 2021 EET <alexandru@alexandru>
# name: x
# type: matrix
# rows: 148
# columns: 1
 1.4070080890015138
 -0.11119036714267136
 -1.3834098012623306
 -0.29626964483929752
 0.029387788753119627
 0.076957849453910543
 1.6366919900120822
 -0.88390440295826989
 -0.23936364116212452
 -0.30823956400201896
 0.99211076359790729
 -0.12268169463087293
 -0.47979918941265703
 0.8097806305205586
 -1.2196827143282276
 -0.74147353275268324
 -2.3936967453189006
 -1.3978322063410284
 -0.14507641757186182
 -0.51378420181286844
 0.76050742244092517
 0.73934975118279367
 -2.0791248185002855
 1.1708943351053809
 1.0326608440814617
 -0.74476839278419604
 1.146149957557179
 0.21563641297392855
 -0.88249162741653553
 1.3907459087076448
 -0.59587478466081023
 0.040258341514404959
 -1.8148911087405939
 -0.4910678815834289
 -0.50820023120011693
 1.2594546793138499
 -0.36813350390884925
 0.1876916002539149
 -1.3208926093018467
 1.3104334177008135
 1.0274288017266264
 1.1909839317370368
 2.9777117284157759
 -1.8187744581416292
 -0.22873033710666407
 1.5107949779183616
 0.80701112127547148
 -0.22775364503764575
 -1.172960789977511
 1.7212935136880672
 1.5490270433588456
 -1.1740828353615091
 -0.12583464874313446
 -0.39178217305408919
 -2.530638433502602
 0.91173361863550773
 0.37927038252728912
 0.4964371902536468
 -1.9199059028857575
 -1.4139964998697383
 -0.85252641926819239
 -0.13009398640808689
 -0.33569906714725972
 -1.6937689222469523
 -2.2263722107992061
 1.9607717612074476
 1.3527885610266879
 -1.5131173669827109
 0.12557572602103492
 0.09157216957951797
 -0.69698505276385592
 -0.028333715373786629
 -1.1758965916969937
 -0.90505280498242979
 3.0707591624562052
 -1.6449040373569639
 1.4015881233388201
 1.7400117495207883
 -1.5183792310596005
 0.59421127090835424
 -1.3562315285782327
 -1.9583860250628495
 2.5200531559944226
 0.53476181338112327
 0.74050569420278678
 -0.82291493094540802
 0.043436646699323983
 -1.0156831327112468
 1.1315683797919827
 1.7331265968882117
 -0.47887386465959308
 1.3470755213521448
 1.4995101446054724
 0.9677594949384265
 -1.584579830030739
 -0.071918860147901137
 -1.4434362503465676
 -0.56895389916069228
 -0.83312810174164886
 -0.79905316531709225
 -0.69154548511020686
 1.2608135230061137
 1.9149023534461802
 -1.3104452059094391
 1.354744215352147
 -1.3636957028945467
 -1.3303309210631784
 -0.12796159369593252
 2.6531758112900992
 0.79315728562877685
 0.46076851315612771
 0.14027360795794239
 -2.2073430485380654
 0.57613379269808052
 -1.2007945765263439
 2.5885283080734136
 -0.30493456533586816
 -0.89593271128825935
 -0.50521427969962496
 1.9489575973466007
 -0.55162086660368304
 0.089223953126446695
 -0.98241697894198476
 -2.2177545431435783
 0.97320082308948364
 -2.3862621341469969
 0.09349842905028459
 -0.9274204472332287
 1.8947851825691624
 0.58263209844139596
 2.1908781433404272
 0.50100404601990078
 1.0187175570158271
 0.56469327556396787
 2.1033369667444868
 0.82931369907492403
 0.15184824047826764
 -2.0813410131376044
 -1.3361186926304727
 1.6033954728901563
 1.218439658201047
 -1.4413948006566157
 0.85179823060605564
 0.14654326861729541
 -0.63224112389288689
 -1.3107408627654205
 0.83075003776217404
 0.93884334757380172


