# Created by Octave 5.2.0, Fri Dec 17 17:34:13 2021 EET <alexandru@alexandru>
# name: x
# type: matrix
# rows: 258
# columns: 1
 -0.074258419462419026
 -0.18232473796820936
 0.24710585605821689
 -0.15474269552441844
 -0.051301064030277864
 -0.18765401539689261
 -0.14190960764197963
 -0.031057887131814427
 0.087668921018124957
 0.018364377073794916
 0.043698017999889989
 -0.024449658155004342
 0.012837917361521548
 0.022848739229746819
 -0.0096528314855980225
 -0.086894718334124696
 0.015749341985911564
 -0.21019419538971634
 -0.099203421878823847
 -0.040725861484353906
 -0.072929832847475173
 -0.09974960310423614
 0.063349571518709111
 -0.0099701281027380767
 -0.044318889566609683
 0.0070531866773363705
 0.22372219515606026
 0.13360241072719836
 -0.00026309154842162915
 -0.16585305055125843
 0.16028228797583008
 0.0070410840466236203
 -0.060887476535636476
 0.099002767854615689
 -0.020492438681277907
 -0.12957202860729883
 0.043421986559478723
 -0.14309939584075992
 -0.12284280918325884
 -0.14698055512455746
 -0.073115941436129137
 0.10151702513765057
 0.0018361020867770064
 0.26237548128346871
 0.035016784175483699
 -0.00197281894556425
 -0.013817824977709715
 0.0097587503875156776
 -0.14338972355577859
 -0.13858497794615529
 0.0072427235287821547
 -0.07242420418057037
 0.013159994294782458
 0.18279923810184961
 0.22993050574683163
 -0.062235636136211053
 0.086701871941898406
 0.0086435797435759371
 -0.067462185990482482
 -0.041544357548744457
 -0.085048386960380515
 -0.27247896191762205
 -0.15045170538854735
 0.069742848386427581
 -0.015584529497162592
 0.053774417088243806
 0.03808898636060172
 -0.070922380723185297
 0.070798770958890186
 -0.096947914821777795
 -0.030530669117747371
 0.18872063207976714
 -0.13093677106805598
 -0.0085663093670213363
 0.087668130249031875
 -0.15329033329979549
 -0.18937196837805234
 0.065998235785683673
 -0.10503868551854725
 0.038919128343052202
 0.0030475932561496674
 0.038575579779535719
 0.13052506430052463
 0.054725539478242019
 -0.090317591290377155
 0.093043702230038536
 -0.023541757121956334
 -0.012419385261063199
 -0.095113713272539049
 -0.10197104644918638
 -0.04675767714654664
 -0.056004990606043387
 -0.010357551116033856
 -0.046607049307113582
 0.090885737050099696
 -0.11128793973595527
 0.1610024379436692
 0.14608346479428314
 0.092525825048386606
 -0.13766867313105563
 -0.11907985355561385
 -0.014396952708453517
 -0.058039237435726872
 0.082012496887678532
 0.15722626782463262
 0.11907962454939436
 0.20534942361455774
 -0.0012217928431671244
 0.055391575205549166
 0.19277595141722151
 -0.055370504483540639
 0.097581907714391458
 -0.10076176670388864
 0.0045018123870412732
 0.0066592452570770526
 0.018751993098557896
 0.0097160165436089106
 0.074090511116141997
 -0.12877604631347545
 -0.058836764227314417
 -0.12293484218753811
 -0.058085289544472618
 -0.15495085674138048
 0.045764340590471748
 -0.10192019465137438
 0.10601253825731029
 -0.074390516938138279
 -0.03223233580769834
 -0.091668607612736014
 -0.064775089688728055
 -0.0038947685074475435
 0.18869174990245421
 0.23528986601451746
 -0.011862558313552703
 -0.11661232472134835
 0.022481110836790528
 0.19647389759649889
 0.035563255827719339
 0.057159626706575171
 0.21206755564695756
 -0.034299814149083917
 -0.04058940750965874
 0.027722461939617294
 0.073454020330263534
 -0.0019789286934618513
 0.19180641268310059
 -0.01387786662089591
 0.20350276029722
 0.023801026312042332
 0.098037265636642015
 0.026097252548457427
 -0.082178670291013417
 0.088216399116199801
 0.16663651797870224
 0.093069900538098063
 0.043737806204499796
 0.14719714860994365
 -0.16031287146988207
 -0.090537184920443936
 -0.1323220060921852
 0.026195042969507205
 0.026910772817289461
 -0.040247537694795305
 -0.27538910964481861
 -0.099385544734517717
 -0.048265625193087608
 -0.15228651928911391
 0.083106609581543076
 -0.026847763442975812
 0.024346349653208262
 -0.030269132108290363
 0.073366883089972731
 0.25059111542784657
 0.032824914681755905
 -0.20746207462394423
 0.0041509742248993552
 -0.12261571818265418
 0.27639664204171754
 -0.036371862629872215
 0.017730827860536705
 0.041722154183572661
 0.12685207729459011
 0.0054886172739858352
 0.062543054295438161
 0.030702904251461331
 0.052286529704131654
 -0.12044818796677662
 -0.067659161717402327
 0.073797647971743777
 -0.11764083602029159
 0.10961845364581807
 -0.14774802703031079
 0.032677807967387132
 0.0044179707537562486
 -0.069324320797443245
 -0.10972166333557692
 -0.028094154466772301
 -0.12459264976567043
 0.042396157305216717
 -0.030959328389725718
 -0.074863458898392937
 0.13951156593742545
 -0.17230868732413501
 -0.23750659804962632
 -0.080248584021380978
 0.13906293163523029
 -0.18486269819073584
 0.3556338960950039
 -0.10689362924854696
 0.1443790228964858
 0.13809452126946359
 0.31255091326681644
 -0.036307757650704146
 -0.16609026920531111
 0.093816325081715807
 -0.10122800055737266
 -0.016621761153343899
 0.23676983882938613
 0.021507000678017911
 0.035176735439040915
 0.040883671504580318
 -0.070513914590581622
 0.028005249469605094
 0.041409671688173555
 0.001580316611183929
 0.036206249155415884
 0.097194335761344605
 0.19660366342722926
 0.021267318574207533
 -0.19120259113049495
 0.073322947966041691
 -0.07736121852762276
 -0.01516005237113561
 0.15361240577804175
 -0.0076147212152997586
 0.0052773874285674018
 -0.18042932896687158
 0.075598754611567648
 -0.054956624888270106
 -0.050082717041045444
 0.0094664270777745241
 0.0089140300230474822
 -0.030985831436255228
 -0.038861068612754852
 -0.11959691072757331
 0.010712182250805563
 -0.14802987360785286
 0.11513516819318699
 0.043620804732897887
 -0.078681566244022852
 0.023035143012408308
 -0.069705860313046611
 -0.13268784205717205
 0.25186960713096163
 0.10489046404727856
 -0.012914052433270843
 0.12062876745577834
 -0.071540806688159556


