# Created by Octave 5.2.0, Fri Dec 17 17:34:11 2021 EET <alexandru@alexandru>
# name: x
# type: matrix
# rows: 102
# columns: 1
 2.1443458130271407
 -0.096505425282040105
 1.5851368844152411
 0.12364172408964756
 1.7599782592086823
 -0.06742443452726754
 -0.75169430012186034
 -0.59122652614581883
 -0.94729702620706469
 -1.148879724016624
 0.6511631532806833
 1.9207708680876394
 0.1562468625860379
 -0.33349111298164041
 -0.3435311395531136
 1.0327506021002506
 -0.55381541862558925
 0.78352028494439119
 0.44279701365026974
 0.81411269112658746
 0.32433679254686748
 -0.18912892520158572
 0.23653632016926238
 0.42749228528416638
 -0.9313636634279131
 -0.85267727054507447
 -0.67979721235268675
 1.6219826379234956
 0.08561357084985069
 -0.77294380869513646
 0.10607953017644135
 0.4511525095772515
 -0.82426846429464784
 0.26245900400741556
 -0.13179890019817961
 -0.54573955986559353
 0.047362827152359073
 -0.6779591110306622
 -0.30005966763779957
 -0.097322511045873653
 0.038888586178487672
 0.10429084073374474
 0.54350621697994217
 -0.87244132408136787
 1.9403872024635596
 0.077305677957725916
 0.31039054138567251
 0.13208307039752129
 -0.83195697485918307
 0.89963364913304966
 -0.5505101750086181
 0.65354818723695596
 -0.7651364839082796
 -0.22220749071025311
 1.2584412498271205
 0.0027664960305320845
 0.75277024912683377
 0.13691787613268855
 0.27529673626765533
 -0.85042342386173742
 0.66026063398973889
 0.49012337016193114
 -0.31870093499623708
 -0.16357165795381581
 0.060564511137050109
 -1.4868518341216073
 1.3212357248139641
 0.15625051850860808
 -0.28122867390728246
 0.36385392120575399
 -0.099566455159748546
 -0.55642858679700691
 -0.17335820257936368
 -0.80909490627640945
 0.66670122882429161
 0.64347814354377375
 0.50202495216406395
 -0.96153765638409072
 -2.2257049907860367
 -0.28002453546495398
 -0.019376168315013351
 -0.630182015928621
 -0.39771711055101994
 -0.66048223088580515
 -0.12305121004059309
 0.80613231228173898
 0.21747626856991345
 1.6123691403156495
 -1.147161190878073
 -0.52649806895701889
 -0.29953460162713258
 0.54562662708975418
 -1.4176974973170664
 0.59472654851360207
 -0.75236428269983768
 -0.25599211320414639
 1.3128276603926732
 -0.93299213426855165
 -2.0763434873149511
 0.94719160234684596
 -0.23005328511364617
 -0.16698740123470157


