# Created by Octave 5.2.0, Fri Dec 17 17:34:11 2021 EET <alexandru@alexandru>
# name: x
# type: matrix
# rows: 21
# columns: 1
 0.37810732076835835
 -0.11837205082026568
 -0.65961975474796641
 -0.68737927247075337
 1.1840183192447515
 1.0727604106701414
 1.1741087216415647
 -0.31199938685320666
 0.81677835179608371
 -0.37092489907104115
 0.74462332013315669
 -0.32825643233881269
 0.10052297885528041
 0.75120996814432872
 0.95420493228572156
 -1.5229020789896797
 0.060822925994998438
 -0.93753405680334467
 -0.083613596494041181
 -1.9231660949268454
 0.38239311820766364


