# Created by Octave 5.2.0, Fri Dec 17 17:34:13 2021 EET <alexandru@alexandru>
# name: x
# type: matrix
# rows: 211
# columns: 1
 0.079083496398412237
 0.1057909720430474
 0.012461055783136828
 -0.20217919248436164
 0.086845055925647618
 -0.068776731761738791
 -0.23709922699198249
 -0.069423212126164993
 -0.11424617399734702
 -0.013973054443648339
 0.037339236813209373
 -0.13952832614625746
 -0.084888835627757592
 0.06300902221923399
 -0.0168270131076011
 -0.081822126580508761
 -0.026064964825447946
 0.049933974405880689
 0.076149040660180731
 0.087164735005435257
 0.06849182963071497
 0.087548629700882258
 0.0086414970856893043
 0.068127758289465629
 0.25298892506153992
 0.056061025437791637
 -0.12791373530190644
 -0.01124794854353715
 0.23712722016436982
 0.048374130358109418
 0.059423383695616776
 -0.15090375906547157
 0.033559913928406536
 -0.053973323623384716
 -0.13599613682964709
 -0.1608180269785385
 -0.022176295104908737
 0.025587496393583917
 -0.020007483782758139
 -0.059680826794274847
 -0.10044143236302025
 -0.040868047247755654
 0.090810156369354952
 -0.14837802210893508
 0.0041108395656745261
 0.13575670533786235
 -0.029565776491237289
 0.048034386241533049
 -0.033443676376523235
 -0.023816132981654095
 -0.051046549955750274
 0.062778087127334542
 0.044248708022896314
 0.093351950889946009
 -0.034618638654536675
 0.1164296900963661
 0.12904332720591663
 0.07021652707083087
 -0.12234519769528675
 0.079426235198867448
 0.043908394389629145
 0.014279670277348501
 0.0047761194653014177
 0.095883697719051336
 0.12569168329106623
 0.038379544643082769
 -0.11093243572390013
 -0.075247388681735181
 -0.054086920390174473
 -0.068234144271769548
 0.10645453326986831
 0.035921471494192746
 0.26277153121946611
 0.03813792120494524
 0.075951599096190855
 0.07926271047838053
 -0.059284698908164415
 0.16146574249294096
 -0.03732261065789054
 0.12263052542025801
 -0.10227592246406812
 -0.022984635025536861
 0.056706236283420405
 -0.05371294404775874
 0.09073313346514858
 -0.065408476990206993
 -0.10024483023782101
 0.016667564765494837
 -0.025339653030720881
 -0.029144189490962917
 -0.065659976406838086
 -0.043903961579308995
 0.041492833094839816
 -0.092106494995613727
 0.13303839669628667
 0.099765643077209323
 0.040023070296599732
 0.16517978559574042
 0.014189014619469502
 -0.1487910294803331
 -0.18794659797550212
 0.014940844776386368
 0.078136077091623915
 0.038487391281201391
 0.1660737522894693
 0.071412481724659763
 0.10639485245706355
 0.046195545051544808
 -0.10134126322730071
 -0.16490373320661475
 0.14458901371420327
 -0.094083058892191401
 0.076139833200203177
 0.022163098701356219
 -0.037978911737838225
 -0.099752920865124023
 0.0086683935382289735
 0.22748466357881489
 -0.061103977760288752
 -0.15982275139569588
 0.058346161854971955
 -0.070264587015425345
 0.012328580875428574
 0.10562037217321098
 0.12295462700095683
 -0.022724321462522273
 -0.039398953310288302
 -0.067572703745657547
 -0.032267532016980099
 0.011367760735573921
 -0.16250219704390664
 0.056620911250197539
 0.086921772463357874
 -0.0041969475221664311
 0.020490380506999861
 -0.063121782975983393
 0.056463074168945603
 0.022632419232608149
 0.014620731962212622
 -0.10669081332504837
 -0.073765927758759745
 -0.074475527969934133
 -0.079676046559648203
 0.12459572168827746
 -0.16892753211936773
 -0.18270326637834328
 0.029716538685670264
 0.0039064354401846602
 -0.03505553683173545
 -0.02764178873735855
 -0.057855571498945074
 -0.14565670960003999
 -0.078227746124932218
 -0.064265162266654338
 0.023364328235875469
 -0.10231993390420002
 -0.10024436339013547
 0.17710067057160886
 -0.086664732614208886
 -0.069258235727091846
 -0.047153870015802152
 -0.19072368347356752
 0.15687328074677406
 0.044485371146749865
 0.12688869752490681
 0.19903970099592685
 0.1330405554820982
 0.20563057814221122
 0.19467308846657172
 -0.14285129295677815
 0.052235353996539197
 -0.1002577372256884
 -0.014574125642179555
 -0.005227005451332826
 0.09854622774524123
 0.0082698947248423613
 -0.024864720272690852
 0.15729578998760352
 -0.13415922591644899
 -0.040646473580794429
 -0.00040570450871341021
 -0.023130401869891182
 0.052873373124154265
 0.11012085892579246
 -0.024013554430819484
 0.080819515093104061
 0.072660185135284494
 -0.0018969094556009272
 0.034082405248745846
 -0.076245154067678136
 0.018029324806641749
 -0.074873952680961628
 -0.074356829213507322
 -0.00054715068661805185
 -0.12380127040811917
 -0.048539554680360829
 -0.17255853808232968
 0.045645932162406484
 0.051178853884339993
 -0.025294334295614958
 -0.07516944948520804
 -0.088642856048457147
 -0.0076454921127811397
 0.10153521592098709
 -0.010144559365157858
 -0.19098080252619412
 0.080576571055849672
 0.063349761112225456
 -0.082763100209563081
 0.031180233652958276
 -0.064852586274178489


