# Created by Octave 5.2.0, Fri Dec 17 17:34:11 2021 EET <alexandru@alexandru>
# name: x
# type: matrix
# rows: 81
# columns: 1
 -0.42612717969893138
 -0.44225589094885048
 -0.47675873303493327
 -0.066361904501379271
 1.684401773118567
 -0.43451338794832833
 0.59094907572960476
 0.08985885020034147
 1.0004580922621837
 1.4677837433413681
 -0.12787116675519714
 0.87085322513977714
 -0.14282434780112355
 -0.082155795226217562
 0.38249617138021308
 0.2174930657278131
 -0.14829853490654432
 -0.28882451586557445
 -0.88195414495061741
 0.82104066794188435
 -0.34057958943726652
 0.63011843800176803
 0.68446173964026125
 -0.13800475215541569
 0.78509691699771855
 -0.28538250287147682
 -0.066376938448787559
 0.7468267602416232
 -0.20166699315116349
 0.37635636524643235
 0.39937490317191349
 -0.16879269192016588
 0.48719145910647532
 0.24340280507185574
 -0.9229319722386905
 1.0185800351541514
 -1.2558178461272893
 -0.79402458191896463
 0.002104739705518405
 -0.86342581480833869
 -0.35584463422055063
 -0.31162030602297991
 0.56716631995064226
 0.89744856888513858
 0.3662029475066037
 0.56949473116072813
 0.69343587869033607
 -0.52462563215472879
 -1.0481903635470646
 -0.55726873344778316
 0.78667680100810888
 -1.040235763584316
 0.15309105533405981
 -0.33129880482004292
 0.65275905871362394
 -0.2418040633334114
 0.10376032163322868
 -1.0148327973400253
 -0.75730205139719953
 -0.46343340333593447
 0.41160634174855515
 0.11862574438820148
 0.20299545846179948
 -1.2594146130610684
 -0.52341069532250106
 -0.86202662486267223
 1.0237576831708832
 0.43174933187911768
 0.30131763224112307
 0.21732699248734516
 0.091730723820041063
 0.29072218931472893
 0.62205692481666752
 -0.72878289945947805
 -0.01002764717292925
 0.0036430093281012944
 -1.3093026965890162
 -0.38039638651534152
 0.0002565209823336189
 0.19482024751914104
 0.55818160654885907


