# Created by Octave 5.2.0, Fri Dec 17 17:34:13 2021 EET <alexandru@alexandru>
# name: x
# type: matrix
# rows: 265
# columns: 1
 0.0045610091080143219
 0.010321048628013155
 -0.054806316900078735
 0.079725040967293714
 -0.015326624966068878
 -0.096127385008841187
 0.023938099134298976
 -0.10214445053849103
 -0.22656710850648842
 -0.013643451535982766
 -0.028649534206385996
 -0.10580490741433217
 0.043273836046828093
 0.04152288925491137
 -0.064006467711101994
 -0.092112304640987852
 -0.023971563404580284
 -0.028032645923627378
 0.15715165689108279
 0.092700758468920216
 -0.099033149444983801
 -0.015919162021701346
 -0.089579151378428937
 0.11981324897801708
 -0.045418157019745997
 -0.11940301826588305
 -0.050169164262960177
 0.07267925954902546
 -0.25008100857661592
 0.08144403883895536
 -0.116070319559564
 -0.04387175853974503
 -0.081337857636170505
 0.19252813093499885
 -0.071720096617380297
 -0.11230784843830262
 0.077802968270230838
 0.049143112602579649
 -0.15344199391602789
 0.070885640037468056
 -0.087269100094289093
 -0.071438046159178897
 0.093131491266786826
 0.092686490773935884
 -0.019111836771717475
 -0.022238094092199505
 -0.099287007427091151
 -0.082084993860669545
 -0.0052648623990616834
 -0.098200021546056129
 -0.0085094587752623796
 -0.0090901679052754515
 -0.030099175384180051
 -0.056931505376752484
 0.083124781946463347
 -0.02352771122163004
 0.035962258854158928
 -0.099791337173666242
 -0.074627084224074325
 0.049506780051353005
 -0.12906803550028348
 -0.19097806536475351
 0.17537401550884446
 0.15890239116467084
 0.029862882494913385
 -0.085739395802225712
 0.072156766035243486
 0.041369661740866648
 0.13983229821506921
 0.00082609343824995029
 -0.025016109417148265
 0.0087782942624305416
 0.034830244041107336
 0.17400091317824706
 -0.092465665728108715
 0.0021384842877590032
 -0.083822668204276085
 0.16774641518615963
 -0.063315864185233037
 0.061705966542871124
 -0.011779543501577311
 -0.026314838124375517
 -0.076969985974506605
 -0.019393894751776948
 0.047166535784959891
 -0.048005221186293426
 -0.082151372333549771
 -0.088430207302175656
 0.11960379438999845
 -0.16448288608602035
 0.026935488116878629
 0.037783670804692575
 0.022815839492507803
 0.028223766835485466
 0.020680872933782211
 0.048586402224116546
 0.14800551267016016
 -0.10805847130516964
 0.017549980644731566
 -0.064694648080930409
 -0.22067989483888537
 0.00090660438299568625
 0.041443262369995973
 -0.1310740806035306
 -0.16623086006758678
 0.031565418431880821
 0.11335952924052954
 0.067216391712430421
 0.088501911874937278
 0.073204864517466606
 0.054013570458809675
 0.17673901469237549
 -0.04858719922183527
 -0.048484573962985514
 -0.16609086048003793
 0.037896156732580025
 -0.05256348822978564
 -0.015638645227258691
 0.090284203157107529
 0.017276783400946634
 0.08539378513006872
 0.056821967863754985
 0.12970958436118546
 0.12773835693814525
 -0.1246197098075076
 -0.10820757439049344
 0.017297335093366888
 -0.12109269750597672
 0.0061538272936025647
 -0.078703640057247129
 0.18772310491509225
 -0.037539621483019571
 -0.12035858581970899
 0.077483931961262159
 -0.079343589889511873
 0.023154366981286763
 -0.079655994936039379
 -0.011494637924943124
 -0.027295002283928407
 0.011535820242306047
 0.14433903252224997
 0.094327586452691431
 -0.050407165717127063
 0.042889500768857766
 -0.14842329535716142
 0.036519672648258276
 0.055111207452698027
 -0.041511746786775251
 0.11464457543185219
 0.049224397798990911
 -0.024490252706112131
 -0.15447215297400321
 0.050311917685305144
 0.10164021215070254
 0.073086285405072476
 0.13529222397650872
 -0.0246133928069628
 0.038382636624887445
 -0.20571497655505261
 -0.14413574479295924
 0.059260549682942879
 0.13553597955219795
 -0.064539513044764074
 -0.012381081679778116
 -0.041814648421661008
 0.060126594334026402
 -0.086100005414078432
 -0.034803576786090265
 -0.02642818865688875
 -0.078144857769434389
 -0.039721624690139762
 -0.13411805625862475
 -0.058336162551623841
 -0.10101402449606181
 -0.020425462120525859
 -0.011647672739688468
 0.020894536760284851
 0.046301511343192665
 0.15331722106702933
 0.061663121911636358
 0.055480879698426855
 -0.05569026442328421
 0.25940276086508635
 0.016040513870832405
 0.1419706827973444
 0.16935711800935493
 -0.0056400616467447732
 -0.018592287295778036
 -0.076104470097386148
 -0.0097321851578400231
 -0.03053396263196247
 0.16060126859250207
 0.04516287704029074
 -0.071833531733846656
 -0.022704789327932677
 -0.12991230834298234
 -0.009925604875888382
 -0.10870274662613635
 0.024807963670800903
 0.01727674738244659
 -0.18190602589333271
 0.059699558767973532
 0.17076195635268807
 -0.030918877359485685
 -0.065512596070155193
 0.0079686938009072734
 0.017209732436158483
 0.075118537843404498
 0.17478236672091965
 -0.030212463955551619
 0.13015499251432402
 -0.0086637033899081579
 0.0008858540156535705
 0.011104618169180094
 -0.011243546387521359
 0.040965702599245681
 0.13940307356370599
 0.042011472159606239
 0.099012284630859634
 0.03257959737263405
 0.048749286334689133
 -0.057193624074777794
 0.060739382600164669
 0.10071401222308862
 -0.125297585755827
 -0.021216990085448965
 0.018706060145212901
 -0.066199018122748018
 0.014511604780681149
 -0.0025242532531890784
 -0.094490399040715226
 0.024880964297988688
 -0.00783579007582994
 0.067569416028727153
 -0.11081702383683628
 -0.040511264499906663
 0.079813126914294014
 -0.016078945662209188
 0.098427134398101621
 -0.024706183757804558
 -0.088750206061873935
 0.0057229297845503941
 0.033684300509485066
 0.058516528135107757
 0.062939053163466901
 0.018798528447639507
 -0.0040082035514475934
 -0.20620656230731546
 0.032082197434961476
 0.030305804206729042
 -0.043115058320581774
 -0.20451844149313367
 0.019865598051203852
 0.15957284311766259
 0.12138896095815642
 -0.019450563547186106
 0.044847520984945835
 0.12064684711191444
 0.022311254302118801
 -0.12944350587677647
 0.12587564387798431
 0.078977531553831498
 0.040005272607355549
 0.031310949085837377
 0.10336749476726431


