# Created by Octave 5.2.0, Fri Dec 17 17:34:13 2021 EET <alexandru@alexandru>
# name: x
# type: matrix
# rows: 269
# columns: 1
 0.19315591106876873
 -0.07706361661539457
 -0.28628056451577849
 -0.15885883392631928
 0.24771287598922431
 -0.10227723118664331
 0.017908287275695801
 0.05073872826379576
 0.054804467161155349
 -0.027271695076295743
 -0.16173473772998881
 0.07487069812178547
 -0.028436359563243276
 0.082762003899496298
 -0.1060340657029057
 0.012240692989387687
 0.026768333490883946
 -0.11104385387289942
 0.066077047282779175
 -0.008755628350805806
 0.11947397734032658
 0.056268381139093875
 -0.071681705156377909
 0.044560850576083923
 0.12249545367267481
 0.003215430400088524
 -0.042961729738363881
 0.062503097158042198
 0.015773607638573744
 -0.016264598824350933
 0.14122217305953344
 -0.018218954607541547
 0.087540570996126305
 0.10817251072580866
 -0.10672863110171782
 -0.14718968181825781
 -0.18923577830384639
 -0.14286651854820992
 -0.072049313408160759
 -0.1408153108928106
 0.058029484162891137
 0.092542511982390607
 -0.036734985855646052
 -0.038404715898938686
 0.018655640500444659
 -0.070266557456582598
 -0.17381775266497754
 -0.10948837476320543
 -0.11100487288352719
 0.059251086581692453
 -0.1453056710112447
 0.20211045540199807
 -0.1745910624946945
 -0.082162852188922386
 0.046952754752072744
 -0.079145673076086998
 0.03676897787577383
 -0.016117229217851876
 -0.062175655789557575
 -0.086226593233405743
 -0.04232186964513595
 0.27738772669462247
 -0.046521082859185325
 0.02232735576076806
 -0.032769450599585602
 -0.13557444947003525
 -0.019415099133321772
 0.080413877736535133
 0.073722768905910702
 0.026503406979394212
 -0.086005039103853639
 -0.073992703114315467
 0.14967156061675246
 0.08223743195063396
 0.093597561507287458
 0.13686131617887448
 -0.18840182843280909
 -0.020801060205177462
 -0.054133407415665726
 0.16441960867156816
 -0.12532732283139172
 0.067407946546684069
 0.22922611082879762
 0.0050833062579696588
 -0.147957286972941
 0.18327523582943922
 -0.044177518454912149
 0.11692467882419111
 -0.026271241600522629
 0.12580086825898013
 0.031472008535183706
 -0.0047370841533555244
 0.070915405339794693
 0.1082655629779342
 -0.030161270684416385
 0.077766477417728408
 -0.11949138188033108
 0.066901589509947096
 -0.13057089664875302
 0.20017579952032769
 0.0058714344395794614
 0.0096413190935287201
 -0.031228330491018738
 0.0054745543075921882
 0.02170605548240678
 -0.07376840941979268
 0.032095329684948118
 -0.079221449017884304
 0.055708603312485436
 0.078058019114685934
 0.042014515632484643
 -0.0068713198681177876
 0.000206965422727673
 0.030205286528239811
 0.047959610920912082
 0.039795178191866551
 0.080326781463457592
 -0.064766165757626018
 -0.069732130627930863
 -0.028340715564241843
 -0.044824476649096355
 0.10466372625258454
 0.066621743577404427
 -0.024925022170325641
 -0.13391715172605453
 0.03535514197110614
 0.15446229404610254
 0.12156512494210954
 0.016683228839054567
 -0.00020949321974084596
 0.10501846045704628
 0.062381061962413775
 -0.086666630391216748
 -0.099071905198657315
 -0.062406018285255334
 0.069046951818817356
 0.13385857104389814
 -0.019026989823022325
 -0.029294094309407017
 0.11929706620083377
 -0.0020386556182072405
 0.0098649342096995205
 -0.049564964890326739
 -0.039202469801586474
 -0.10398397602290316
 0.021170676684140247
 0.065012607370145831
 -0.053222941951938357
 0.01541168473682999
 0.02242906048723832
 -0.099896902204824639
 -0.0022759417273334349
 0.088088514115207392
 -0.032101867677996727
 0.15815031198103732
 -0.017449043964123851
 0.22766021331508002
 -0.011711692272204791
 0.064584757640340371
 0.09539718582034834
 -0.12710722083500323
 -0.033994258250417853
 -0.034044262357250818
 0.0032671746188348556
 -0.048219777498296534
 -0.022391669771519625
 -0.036951183139658859
 0.086039299717974346
 -0.14273736889172411
 0.049016796182100981
 0.024279785888374695
 -0.051298853434079542
 -0.014120657924639551
 -0.05651032836241443
 0.020634242434464847
 0.19824269217582585
 0.11123237509483995
 0.093155392547421861
 -0.0096337674258203162
 -0.10629783602854198
 0.012667943079898131
 0.043480337302503669
 -0.099023555554839618
 -0.26034936069631881
 -0.036035660558694282
 -0.098677326915767638
 -0.041257651497038701
 -0.028054418787487261
 -0.003933771691938405
 -0.02177381144929947
 -0.117308478233259
 0.032870212324171241
 -0.0090926483211953638
 0.074620984703725246
 0.18197518414027988
 -0.12411703211603474
 -0.098982935795687552
 -0.0021159151796426379
 0.073939446318288804
 0.097453405520073838
 0.12103292154947186
 0.068653495509415102
 -0.11693663224542974
 -0.19001155820232801
 -0.067029930610815955
 0.0019772962629026132
 0.19054323359921532
 0.026464429683207998
 -0.10442085731585754
 0.01384519261589179
 -0.16746096963852466
 0.056879427392662968
 -0.01752411727579405
 -0.20330868764563337
 0.036225934195985875
 -0.1882684042681895
 0.1242478053828881
 -0.10381439220648125
 0.1682949063436428
 0.042341803421215476
 0.092173339802929841
 0.19674511012923834
 -0.26222645830201369
 0.065128586578089925
 -0.12100893939332567
 -0.070889782367362833
 0.11157076722503441
 0.16007037877972569
 -0.10164311152585052
 0.014299176805644227
 -0.049730346598220378
 -0.21845770120413138
 -0.15991442498184505
 0.08023276342724546
 0.068176436165568996
 0.030496861083174662
 0.1344683845866827
 0.056920141886602008
 -0.029004129512526473
 0.10122648062819961
 -0.1694079254219959
 -0.11663854514065528
 0.029376089853401968
 -0.094742135619865234
 0.21817536331862572
 0.0061682805531063332
 0.12428521562313319
 0.037066844288642466
 -0.019024580523949806
 -0.03155009536176015
 0.094105151813719326
 -0.062946230430497699
 -0.038531801477694021
 -0.14821029959619131
 0.0038099871126197797
 -0.017952533420065944
 0.0039677687379732962
 0.046475730344076538
 -0.094095877970887143
 0.055972742961694848
 0.13343466209744181
 -0.13546472997765682
 -0.11678364322949344
 0.017693485773329524
 0.065873258729249332
 0.0092068663956247198
 -0.027392334087971097
 -0.12029967027129784
 0.12893762359867822


