# Created by Octave 5.2.0, Fri Dec 17 17:34:13 2021 EET <alexandru@alexandru>
# name: x
# type: matrix
# rows: 299
# columns: 1
 -0.016124914409835774
 0.045690552227035774
 -0.064736282274306195
 -0.24047377930890237
 -0.07801557439831272
 0.081163358967368981
 -0.12106375440132836
 0.07686861289123216
 0.2774490776060749
 0.041687938780587436
 0.092689268177649053
 -0.11038074302552107
 -0.0035869928616107773
 -0.037599073501649163
 -0.027015812014118155
 0.0078486387538331693
 -0.10436164627297138
 0.085968992581653414
 0.033965590196954769
 0.049736867200969502
 -0.064857886008307428
 -0.076395506272280089
 0.12457982745734053
 0.11967151160298745
 -0.047086984012550064
 0.006228633357253841
 -0.17972359349913941
 -0.18446019294699295
 0.12660927265854893
 -0.075950717317117195
 0.17026410735920522
 0.12403140690698319
 0.14090114524210423
 -0.14000299387576323
 -0.055180277920025896
 0.12268634449333231
 0.12124125861662495
 0.10362500684263778
 -0.062119308812605724
 0.087373946603865549
 -0.0044972998882822192
 0.14080904314023077
 0.16751226867191019
 -0.17623883657262102
 -0.074132679641708513
 -0.11564321771975283
 0.099485874227263044
 -0.065524521365682736
 -0.1044539664774727
 -0.051666261340351488
 -0.077712080238697495
 -0.029467670704666937
 0.15122399990393695
 -0.095190086752833469
 -0.011666860782156806
 -0.024251178331642281
 0.15396053017116507
 0.016238268366861035
 0.042058356714073659
 0.068110388351611553
 0.059178955721927926
 0.11368673866123928
 0.010087797981399065
 0.14573747231097697
 -0.17592450522316477
 0.19600055718203929
 0.060740381032983889
 -0.074091679709198555
 -0.16652361173382704
 0.17410077009670238
 -0.10750484389898686
 0.22690596612969888
 0.11919318922176812
 0.039459142269099148
 0.074157705901934753
 0.00033456654387860405
 -0.22446922466361049
 0.037100089986229122
 0.049074602920434696
 -0.0038727491250934777
 0.15565503066430122
 0.044493059867902168
 -0.095914635208424068
 -0.11557824824971266
 0.020055771808198123
 -0.076660691630996994
 -0.074952508630033651
 0.021290616668547244
 -0.06080929990960908
 0.010988597382239404
 0.024290882733675592
 0.035650857437646261
 -0.11360794502131819
 -0.18351141431105947
 0.026926636172171208
 -0.1273277719526543
 -0.038896864597353031
 -0.083329069100941885
 0.11422160192674885
 0.020588735936840824
 -0.27738517122737616
 -0.035555871649283803
 0.23453824781470831
 -0.062191649272858869
 0.010205890585749304
 -0.13834546940314754
 -0.023093613239040873
 -0.11164881288110358
 0.034273263018780184
 0.10130488642948969
 0.070044451294343682
 -0.0013902869225927135
 -0.073579060094293575
 -0.078768276987119745
 0.23669021312646293
 0.13646013711667473
 0.0081834214069119796
 -0.18317701441320991
 -0.0073909492602380203
 -0.050053335059961485
 -0.014938871929957085
 0.16835263854609106
 0.30001330729218351
 0.12864403763226306
 -0.1274652809894754
 -0.0060384028566591022
 0.046826385204760464
 -0.23752274043334673
 -0.10250779692835497
 0.26155689238572183
 -0.094516604122777681
 -0.065189009031025522
 -0.0024173607488550395
 -0.081780929106935657
 0.0025390770946933645
 0.28558603599185256
 -0.25843762788162172
 0.14324647028346979
 0.098274210166980625
 -0.12588642203947673
 0.0832281345859225
 -0.0078986438107165168
 0.00015676619760581338
 -0.10604981319610747
 -0.11916185820853652
 -0.19300728823885982
 0.072790865656190057
 0.099915755134662942
 -0.31819550634213956
 -0.16502447504153539
 0.080652541291050886
 0.099713107714347812
 0.020414869694472291
 -0.005484302197022786
 -0.085809010231743518
 -0.15417934478786305
 0.025833742801359291
 0.077807641976283745
 -0.042636603323372962
 -0.056775602967868065
 0.087821975918846329
 0.04580864788366306
 -0.01526375323006526
 0.063066554877858033
 0.061715540975214783
 0.073140915034046156
 -0.20897185901947909
 0.0039239829391483289
 0.048933872599641964
 0.017839230688183872
 0.0044511657189178662
 -0.041324734536738753
 -0.027358553440970605
 -0.089084264582919778
 -0.21737712614894328
 -0.10499298031578712
 -0.10750539341911639
 -0.082143654938803601
 0.046116799791001764
 0.16339055823824347
 0.0078302193571354838
 -0.062963743288245333
 -0.18208517324811974
 0.14098203570219964
 -0.022547858876414157
 0.13194575098055658
 -0.0073916080501885105
 -0.11602299920570441
 0.053808740598401301
 0.0082727507863513648
 -0.051424009596427345
 0.05053798066744207
 0.065162551647268543
 -0.020077156756528384
 -0.0081307628396139371
 -0.10874691400061715
 -0.020823679508750081
 0.22452835958280476
 0.018430184500301264
 0.0041229056455409059
 -0.23061870384335498
 0.057096782269929328
 0.023281695480337906
 0.084395238821559276
 0.063056071087436383
 0.0773107271943171
 0.10681264382032025
 0.14414753134025612
 -0.045277645206951496
 -0.052883146776125455
 -0.044792592297390431
 -0.082823046017593119
 0.0021078140603958055
 -0.13897265136082312
 0.030420078560976435
 0.027445092977220101
 0.24190161570490448
 -0.061850320776309073
 0.073631837642073872
 0.067428239405425056
 0.11100752877023078
 0.10815649296509627
 -0.30964369165460393
 0.00094211678858008101
 -0.024784320137692481
 -0.02990143994789058
 0.0098187336537436439
 0.15898198470734506
 -0.069237202547611593
 0.14178743938392541
 -0.082038490810473305
 0.042643680682603033
 -0.020285658321650978
 -0.0015389018061442888
 0.19983162187599579
 -0.03329077801116026
 -0.09468242747861344
 0.15769438878820707
 -0.014829364265174606
 0.1218307480292915
 -0.018025666107463357
 0.012795715663605985
 0.013497610819165834
 0.10253456079286778
 0.0024805275933253951
 -0.062591902276000713
 0.11244195627439831
 -0.028025571602749301
 0.01624365528819913
 0.066974498486994827
 0.0052421392360595892
 0.082994316133057203
 -0.10001518874805829
 -0.06010659135233902
 0.058676479508923338
 0.11340822881110295
 0.13154671383252417
 -0.071216197358140207
 -0.035458464594038085
 0.14943510305611851
 -0.15844647665916961
 -0.15934184428591133
 -0.054610217586504244
 -0.025994460545737657
 0.045887269182370113
 0.16863640703515209
 0.077686871271496746
 0.041013494953446222
 -0.15441185208041819
 -0.025963097257143679
 0.045912980608087281
 0.07005652282020107
 -0.044450294144843937
 0.021303668707083868
 -0.13554353336134589
 0.1440007381551173
 -0.091878736990113841
 -0.17675774958474649
 -0.09115131110083316
 -0.10561940900812343
 0.072156303371574901
 -0.035919641631678656
 0.1674659847300298
 -0.014410442580042182
 0.029557498734132916
 0.080292605563827196
 -0.16038467792471492
 -0.11789702567926354
 -0.049318225145289267
 0.041292025892765802
 0.10141779915979884
 -0.045907393458530558
 -0.19590435591726582
 0.053734025358736039
 -0.10401660312905796
 0.15851070438948342
 -0.046687605769756724
 -0.049233303681986987
 -0.14640125881490404


