# Created by Octave 5.2.0, Fri Dec 17 17:34:13 2021 EET <alexandru@alexandru>
# name: x
# type: matrix
# rows: 283
# columns: 1
 0.2604867759120198
 -0.043152652023173879
 0.046978046415967055
 -0.099140645549423492
 -0.034737922755889175
 -0.014368599863439085
 0.16571561345044211
 0.081022986796640384
 -0.10523636814147866
 -0.28772475717729873
 -0.022993359287369848
 0.21593723059650849
 -0.14211041215579864
 -0.071304120203478913
 0.082803948241744724
 -0.041884648064569083
 -0.061094041225764444
 -0.091959468606589059
 0.046434745937876165
 0.17749731062390017
 -0.13406019603298885
 -0.058063731517560793
 0.13449577947733887
 -0.13837324359505862
 0.16863063745867601
 0.098784186233974641
 0.038621928408022324
 -0.14169441291131959
 -6.0489902447781627e-05
 -0.23486994496409655
 0.025963486773506655
 -0.12272485083717886
 0.12801919544192097
 -0.016601904945132275
 -0.029811894618039108
 -0.17222300403237112
 -0.1882962814955744
 -0.18854689963221666
 0.094347323135862804
 0.011070076245378835
 0.05076786310109848
 -0.15861906502813994
 0.13550840580997606
 -0.00092206969178479131
 0.059027693190947597
 0.023194076510383969
 -0.12247829984821532
 -0.19193065012805072
 0.10855369622608489
 -0.094631148968082973
 -0.022056007751851854
 -0.21285909961328431
 -0.1007536120304031
 0.12389055833703294
 0.039997969895977516
 -0.042172492994184928
 0.06424306945844982
 0.10695498522270033
 0.025996775291233603
 -0.12706635213543174
 -0.045141677597070072
 -0.098415127580420994
 -0.14902635449397081
 0.023252868569937482
 0.10303997337978114
 -0.10387987557678088
 0.21207457264582497
 -0.030528674288588624
 0.097676148222151357
 0.018326582562751048
 0.027583143811761062
 -0.047526808463909283
 -0.017377927170770632
 -0.037751352857482975
 0.2215346236415249
 -0.12705468536140657
 0.12674980249242718
 0.063651516131444819
 0.15796492778221249
 -0.17907870465481063
 0.087713726407464554
 -0.060008842900209587
 -0.09683560511048378
 0.014568667696176329
 0.0050963269245066353
 0.1696520111671212
 -0.087427575363586141
 0.23026955069266344
 0.064110974305984239
 0.021587875711745561
 -0.10645690359362883
 -0.10311803056585263
 0.018679286903995625
 -0.00034181751567292771
 0.084116981887275302
 0.13411461950604558
 -0.053507286764084484
 -0.01080817418906276
 -0.11913912376200578
 0.12417646032488776
 -0.039361354472252155
 0.13153604553203052
 -0.20412664303519734
 -0.02020537588781331
 -0.074273946169365529
 0.049239968584997837
 0.078482453959246579
 -0.10372504833205105
 -0.021385740058331094
 0.18749046773769207
 0.039351380008066678
 -0.21319631051517832
 -0.06566759792716477
 -0.019580313090915173
 0.16188711924585214
 0.11324727415763741
 -0.13374541407741497
 0.024654672493744999
 0.24244056132820921
 0.075195458614871397
 0.045094279697522686
 -0.11949051698663909
 0.20167218465356718
 0.1196400776678711
 0.16230075965050042
 -0.12132300832277988
 -0.029546271434479524
 0.11245486912446383
 -0.09994671006454045
 -0.088454186128283527
 -0.041122230123381481
 0.20450858968809157
 -0.061156125102616005
 0.0083439901312313096
 -0.00029538202692959653
 0.0859448417668391
 -0.24976548012529948
 0.022467921437760961
 0.18708879800010955
 0.005482424747657472
 0.0027893485920022919
 -0.092964146879865331
 -0.09091433555546985
 0.034297735742523865
 0.10954178641528929
 -0.046313485627049733
 -0.041030810021035757
 -0.1064101768405275
 -0.06748457082240987
 0.053195336859610802
 0.084268083647048464
 0.1105931325338666
 -0.15528720338183732
 -0.076563638547822901
 -0.0023887837292905991
 0.097052928352550805
 0.26119359814172111
 0.044328195691858065
 -0.12588004188407259
 -0.060759147602504955
 0.25220341841463928
 -0.00047065907014094097
 -0.089822692454061825
 0.19440589407870804
 -0.16302149050802098
 -0.10193885304795801
 0.10803248214107161
 0.063995803786672079
 0.075217567755291675
 -0.13413322616587828
 0.15299971157368214
 0.055304603982902309
 -0.016204596638866229
 0.15390676411209842
 0.26490289312498744
 -0.025654950471903491
 0.014765451313130659
 0.080076954020669583
 0.063110905668465611
 -0.13332454911501956
 -0.028493505893287474
 0.031280688728102926
 0.26916054071145395
 0.067680395950491259
 -0.044111192696326393
 -0.099869390567648611
 0.041876396292237099
 -0.057899287897448741
 0.02165530488349551
 0.060973510806007533
 0.018539052259032546
 -0.036971264596689077
 0.068204504572332084
 -0.038954508594889727
 -0.00070461182986788747
 0.17437438439518135
 -0.0030861821498656106
 0.047649766708051981
 0.17409669906789943
 -0.038673861595339351
 0.081742252767360857
 -0.13094540722735162
 -0.095939808442187691
 -0.04380521571915353
 -0.040844334629212352
 0.12514698366405522
 -0.085354720977624934
 0.094636841641278308
 -0.062781915116277717
 0.053194112016548736
 -0.066902574088039277
 0.16423990754174955
 -0.027759263282688951
 0.0994623525384528
 -0.1206952669650022
 0.041478448358392872
 0.17630884746337067
 -0.04205768100152759
 -0.099903776125223748
 -0.074628308532343701
 0.03158542439156848
 0.054349050273467092
 -0.058126428834514049
 -0.091758910360767276
 -0.050782920451401314
 0.048403504614524376
 0.050846534095314901
 -0.21280682833468248
 0.13325131493645792
 0.023649203372907213
 0.0054344311277184755
 -0.17374053869297587
 -0.042500644100666729
 -0.065532416881974379
 0.045936470380984411
 -0.094931344708208992
 -0.096602808054471453
 0.13133176968963764
 0.22120684957536407
 0.085201320582249815
 -0.0048466794269797593
 -0.12102442209486161
 -0.086925684272333437
 -0.099092671028114365
 -0.032984007368383556
 0.12117686373293982
 -0.0054912704296942606
 -0.18492614962328319
 0.10909094687129056
 0.015052750990053652
 -0.068544991685406023
 -0.076412188029784306
 -0.021428945019251439
 0.12024948508546796
 -0.26172022582952031
 -0.17082025386716521
 0.041969570897904818
 0.045335120995235997
 0.12372682885456371
 0.023495593457802843
 -0.15369313710288993
 0.06588309747558127
 -0.077455985235947378
 0.085270008802306105
 0.075008736880699534
 0.034210626166617596
 -0.048706188784569365
 -0.15802622615688464
 -0.096505493024302516
 0.0011598202010403345
 -0.21862331712643157
 -0.014361509107165136
 -0.25168688780079634
 0.012199388190571316
 -0.039812221410145121
 0.074645155232649668
 0.15883171591205941
 -0.056860663536483246
 -0.034683847420562727
 0.0063919364724981838
 -0.17134598635681855
 -0.13495498658590613
 0.12377222487179423


