# Created by Octave 5.2.0, Fri Dec 17 17:34:11 2021 EET <alexandru@alexandru>
# name: x
# type: matrix
# rows: 98
# columns: 1
 -3.8197270852711975
 -5.7823052902035972
 -0.42652508171548609
 0.27716555311488794
 4.5439878298958307
 0.92313079029896172
 1.6486879208161063
 5.0140670965742036
 -8.3822962990318395
 -2.965188395218147
 -2.7396358440098059
 2.5405556724507199
 2.6262592718660303
 0.76796938845552143
 0.54148794008613355
 -15.675268796453919
 -3.4439500621580028
 -2.5902598871258999
 -3.1707131612477535
 7.7274520579880628
 -2.4078032118070669
 1.8062829374255385
 -3.3525513560815967
 1.0047135975806363
 0.20097895556311865
 2.0480564457633639
 12.651939395062497
 10.942863839137283
 -8.4881228050291195
 -0.53357551571538087
 -4.7375108902521852
 -7.4637530357474127
 -2.8217407096541636
 -6.8988783838158589
 -1.8697453536496451
 -7.995449618114689
 3.9840993789098014
 -8.612265734572901
 7.4576497593508648
 -1.3963364787140664
 1.8201255020818823
 4.0673065138269733
 -4.3751960812582364
 2.8351567132966204
 -6.1724214105319923
 2.0298407828063905
 5.1351818131851967
 -1.7930209897257274
 -3.5589081266913198
 7.6456703803665977
 -0.87134897683206902
 -3.581197433862827
 6.6068331213851144
 -10.397421521855239
 -3.4915575047235716
 6.4608269798190996
 -9.5590239627041438
 3.5372737859917347
 4.1667540079451113
 2.8805041924754002
 -2.7488368887491634
 -6.2919673412119659
 14.553236223596134
 12.254039392863735
 3.0990792378377541
 3.3708678730171138
 11.063682202877333
 -0.87390105298491838
 3.6650734195078218
 1.8815261075473064
 -2.9339584913157233
 -7.4345470434019987
 -4.0442706279479834
 -1.7062669525332128
 -2.1226768272844914
 4.1152304535243758
 -14.521237602094832
 15.512042467568179
 -3.6085440390230632
 10.801586505304584
 6.3381658250793578
 1.0336415411965862
 -3.198819040145231
 0.10393530898697541
 1.5447402279993663
 -4.1589375441249805
 0.05724411733226064
 3.7982176467773496
 -9.4996062859862782
 6.4692639083476209
 -3.5474932649809543
 5.1109783299964375
 -2.1557452195415907
 -0.12516652370828782
 2.8553647017938042
 0.65075827933016517
 -3.7763137556094901
 1.1361050548455114


