# Created by Octave 5.2.0, Fri Dec 17 17:34:12 2021 EET <alexandru@alexandru>
# name: x
# type: matrix
# rows: 127
# columns: 1
 -0.8427135101504214
 0.1932418552373498
 2.7845276304401243
 0.093923472221462551
 -1.5109817924215165
 -1.2260682265989065
 -0.81224978408967641
 3.9862857506837863
 -1.3941956523530272
 0.81136503952841099
 -2.1100860101446699
 -0.65542907059366962
 0.41998137652392159
 3.6958228361995893
 1.7213737033318135
 -0.57894694406838665
 -1.5344486770271724
 -0.84757873226036329
 -0.63399517838393948
 0.68225375873145555
 1.4707202535417798
 4.5542031617299275
 0.13810425915307747
 -1.125633500592361
 2.2921025561754576
 -0.33881242081669155
 -3.4159646356599791
 1.2170871970686699
 -0.87397038662866866
 -0.73018084371869785
 -0.69642644289021927
 -1.7355576628701641
 -0.65113195814407621
 -3.7289540872251941
 -2.1104220597188634
 2.2625585571874454
 -1.6225395195515087
 3.8500222537899966
 0.44625677543110343
 3.6164990259829755
 -0.99226965100029518
 -0.075028822284848889
 0.0061942266742462844
 0.81314239245390307
 -0.35010851404557708
 -4.0125306067364139
 -0.45714852278746892
 2.4389558662106143
 -0.63521550570527097
 1.8215775654879998
 0.39140482468907001
 -2.3937731474521895
 -2.1195438417147607
 -2.0828919982032019
 -4.7445599187431595
 -2.4079071321618932
 1.1271376062923628
 -1.0987808232839142
 -1.030808255940036
 0.37751288233450447
 -2.1348707095429744
 2.3213991159819161
 -0.13388519552279468
 1.4023859340630567
 -0.19479766735649368
 4.1340924236804213
 -4.4282744769871494
 3.0100608188574323
 0.45632520707304264
 -0.55435891695131034
 -2.5110795908671371
 2.3004878897114804
 0.54079259994694595
 0.047111233280125966
 -0.39378022062832257
 1.2183419539485212
 -1.9486555975025592
 1.2497987567583357
 -0.10926588728705364
 -1.1786320669432706
 -0.77157261165842317
 2.8575085828797957
 -0.93866660902059684
 0.57732393688093353
 -0.52510016007611604
 0.94478175186476177
 0.76670382584263741
 0.91666042430194872
 -1.4458993102895921
 -1.6499687903822435
 2.4867579314278419
 -0.30151621431793579
 -0.16991081192521049
 -0.39099480827884842
 4.2549012859024815
 2.3087860464790819
 1.9042739989561543
 0.39313519941422514
 2.0925029716793389
 2.5988900895249922
 3.1271221452229279
 -0.12344793751570805
 3.3179184729065869
 2.162329740786574
 -0.7241698101836791
 -2.1785278913652015
 -3.3133432325736329
 -1.1032189541669604
 -2.2758969194210996
 2.6636727294944089
 -0.02317756907294119
 0.29233872437800973
 -0.13628078051929918
 -2.8941494245396511
 -0.24471395531601137
 -0.27794711371425185
 -1.8555416403957508
 -0.78032474717263778
 -1.3799998456022184
 -0.72608798772562611
 0.25227054075156113
 1.1556307482636601
 -0.59771201184302414
 0.60230077756812639
 0.37823471353247468
 -2.2195827175073033
 -1.9749067997866092


