# Created by Octave 5.2.0, Fri Dec 17 17:34:11 2021 EET <alexandru@alexandru>
# name: x
# type: matrix
# rows: 66
# columns: 1
 2.3414223360196025
 1.0017982676332762
 -1.0299081088365678
 -0.026414154466015791
 -1.7215695584991138
 1.5311624154856514
 -2.5169267071645915
 -1.7242685805216909
 -1.6625725105761004
 0.019005804715810405
 1.2466857512774534
 0.80131925684393546
 0.79684051854727755
 -1.0495177858278939
 0.27858437886442389
 0.94490109760216034
 -1.8928053191131979
 -0.30115782512416039
 -0.3297929935944825
 0.6554313082038512
 -0.34890790650183678
 0.46490081878049799
 -2.2532736413359906
 0.87100358207326245
 0.35885584427376338
 -2.6719566050663857
 0.058689207032262485
 -1.1067126914215164
 0.67529338320976007
 -1.0127990602979375
 -0.75214464813522774
 -1.1585224648411023
 -1.0833980234809335
 1.5777520765091346
 -2.2922625747422591
 0.8549484146308366
 -1.129902944403766
 -1.4042987030493539
 0.79471608470676169
 0.32890743237375536
 0.21145440726752066
 1.433326444462526
 -0.35096650440486554
 0.75902754764977265
 2.6518220691287473
 -1.0909867573839693
 2.080779728273439
 1.2811812269509768
 -0.34099377968113626
 1.9227968602108392
 0.68070110463372568
 1.1802850398889224
 0.069804940924927589
 1.5084351328180301
 -0.56737564194235024
 -0.086067657811927586
 -1.1793723549791366
 -0.14908820743666626
 2.3553475240427741
 -0.69848360945883448
 1.0629797773460292
 0.86678394545094661
 -0.82529631081690868
 -0.062859803454597268
 1.0347271763732062
 -1.1140269443852182


