# Created by Octave 5.2.0, Fri Dec 17 17:34:12 2021 EET <alexandru@alexandru>
# name: x
# type: matrix
# rows: 162
# columns: 1
 0.29894712483066538
 5.4781949782246038
 0.16075477544144498
 3.1900527324589412
 -1.5762540025955369
 3.7225740410293886
 0.47787076242086057
 3.3169690008794404
 0.44320248693592174
 0.31457024914556303
 1.1017767337957041
 -0.80821425591506613
 2.8731287752802963
 2.6542136542505239
 2.7576308843843749
 -0.42730647814930905
 1.1708684055398919
 0.4306511631716024
 -1.2335087433980798
 -1.8718453782587825
 0.85719295879091595
 -3.6545784248275814
 -1.3465719095832616
 -2.9415169412430497
 0.83437035936256876
 0.91900689875434061
 3.250701789553343
 -1.3859628468240897
 0.99871299988360118
 3.1227162787068181
 2.4585422755282211
 1.1739824481776935
 3.3666818830930008
 0.0063286382641243033
 1.8903922851523463
 -0.38856425767756436
 1.4047890749162701
 -3.6689330403127918
 4.5038059267864821
 3.94381900849422
 0.41690784170225098
 -2.7085268449347488
 3.6374393683082804
 -0.87881930192304769
 -1.2624125783596849
 -0.98988936586566334
 0.24645708302933875
 -0.8738592408185486
 -0.585625532155988
 0.78903110890707351
 -1.1241224612749019
 -3.4095107073495439
 -4.2710518578570813
 -0.94952181365346378
 4.1142197931497542
 -1.4821612597158327
 3.6046776094477635
 -5.4631304627497945
 -5.6782416133342766
 2.756814635805668
 2.9513747058388784
 0.14685331926211026
 2.9641204295418491
 -4.7713885452785156
 -5.7251132736388959
 0.082280718263312277
 1.0198015167970462
 -0.12209197182656646
 -2.9580913327235612
 -5.565010589224066
 0.32337571842801388
 -2.5673009119411248
 0.44076913981189625
 -2.3898051278236365
 0.29667097179778595
 -6.6116080211160613
 -3.6565371452377571
 2.0014906206581538
 -6.4106915661765118
 4.811274056641266
 -0.5996871745265937
 0.051185569326545388
 3.2689525769125352
 -4.5826498888748208
 -2.7905044933789247
 0.76011158164405024
 -0.4661260542769744
 -2.4542966878070551
 2.1431273031941966
 0.37280823735166146
 2.664746051811715
 -3.6519470038388371
 -2.7988384523117205
 0.049201803510640962
 1.9687581234668596
 3.1130507240167531
 -1.1135258592174646
 -5.487958857390816
 0.11544238416077214
 0.24794318494771561
 3.9502194251691449
 -3.9177461352134948
 0.71113283172099706
 0.30514837642002707
 3.1416989010427323
 -1.0776137818382117
 0.53811727776079221
 -1.6625745840353503
 -2.0499053598104489
 -1.5700792749516412
 0.97824415940580633
 -2.769866064272358
 -0.39056424203639906
 -1.5316015131286478
 -0.67442494814384391
 1.6070683956106735
 -0.1595275215438752
 3.872987948324508
 3.266511737155227
 -0.78469749506522724
 3.347822039409277
 2.6115269415935973
 2.4740061429505507
 -0.83982953087509749
 1.5121043812135286
 1.6568324971330073
 -1.0878295417743489
 1.215565899982608
 2.0487006702481945
 -2.6532500717063447
 -0.057374396513812327
 -0.96040382877326236
 1.6697754593347558
 -1.6905966594299848
 4.2062105227834152
 -2.6562439078599995
 0.11163755749466578
 4.1729001130356487
 -3.7329013367958721
 -2.8876898016458945
 -2.6788347697106163
 -1.6050651752697682
 1.2559179440295587
 0.0049775309314295229
 -2.4247387230940509
 -3.6192695357011946
 -5.1619628446941883
 -3.6910700764981637
 -0.59461466090620263
 5.399998688841035
 6.2523035026783997
 4.806568934454603
 -0.22448226089079548
 1.1291179215143945
 1.7724449935936943
 -2.5083788809991052
 -3.593314024101804
 2.4047094735269083
 0.92288285030135464
 3.1662127227617596
 0.65928277942626656
 -0.62755869639855399


