# Created by Octave 5.2.0, Fri Dec 17 17:34:13 2021 EET <alexandru@alexandru>
# name: x
# type: matrix
# rows: 218
# columns: 1
 0.21801827216890277
 -0.017540918222414412
 -0.10046032681454446
 -0.055467411201482388
 0.081182373090828125
 -0.16014941929147133
 0.078435950374742769
 0.017754952074540978
 -0.019320267586391687
 -0.057178443063817877
 0.063080477395293294
 -0.088732775494270166
 0.040850259622027985
 0.11706980334898996
 -0.15385537194648902
 -0.044878649221571421
 0.076176557969354908
 -0.0075052816009054477
 0.048007427702253878
 0.050044058817658187
 0.09279514532927087
 -0.092296664000785775
 -0.042702412855836008
 0.037791472453363346
 0.16176436883007955
 0.038536652692236828
 -0.054448464746865717
 -0.00383888157784428
 -0.078966632935399794
 -0.035043516654072182
 0.027916736148992684
 0.0048731726655753893
 -0.098141688998224286
 -0.078097279668077016
 0.006494705842845035
 -0.0032772653221616889
 -0.045579502569778593
 0.14672894376538614
 0.024063267764622989
 0.028824465638395805
 -0.079641033793410157
 -0.0058714889030315083
 0.15923615500057289
 -0.15342022138921751
 -0.12428873380895129
 -0.023085401360207123
 -0.095516855712191734
 0.061588618499899307
 0.063157147426223206
 0.0074071681170043919
 -0.052997738327252658
 -0.010955905645788673
 0.054818541619437333
 -0.05070311142552833
 -0.051238870095704769
 -0.048261053187405721
 0.0036491292478670403
 -0.19134317579805563
 0.191339337899361
 -0.17035711023752442
 -0.13010020847812909
 -0.11394121352851934
 0.14718286161244351
 0.058585604225179222
 0.073682617450427826
 -0.069474723035514691
 0.0051453790178085466
 -0.14029025717244403
 -0.033718786694304941
 0.033734887736474976
 -0.035112416824853519
 -0.035841561334818167
 0.019900455523876492
 -0.029713280630945419
 -0.01649199150752708
 0.10193346804804176
 0.11744750717727909
 0.0019453164048595952
 0.015233810765306173
 -0.050029303771719977
 -0.032797233261204782
 0.065389218237894606
 0.046053587397181496
 0.023311494253708827
 0.095915782775726766
 -0.12796669447414769
 -0.11760571203612
 0.0088100942759962129
 -0.054090500962436665
 0.052764384443159278
 -0.047774539312351851
 0.054174458904821414
 -0.050092579902471235
 0.014608070964864961
 -0.04829837562094659
 -0.083190200500591741
 0.082869978192362789
 -0.10953639277039771
 0.086590709361518747
 0.091595292901858735
 -0.097147634857492574
 0.14068021464634345
 0.0057959228916497872
 -0.0080440786114526625
 -0.058133690936430206
 -0.042915792213069431
 -0.051962614086802618
 0.083039549871725904
 -0.039859710173972829
 0.0042751501792946461
 0.0045898826465216227
 -0.11149644558309625
 0.10750919489286398
 -0.0033048882051937307
 0.069586801828417352
 0.0036020499657671654
 -0.023179957434475946
 0.17958871674016863
 0.056635259252265181
 0.13270830050445093
 0.01072189767820512
 -0.065344323984288896
 -0.0099790253531657751
 -0.0078211316839263603
 0.037980710189318423
 0.079966913059633854
 -0.029675737435820124
 -0.09821776158856757
 0.021947029868627566
 -0.11655919922992235
 -0.01137785577894679
 0.0022215997160938594
 0.0054181156021135771
 -0.08257339007012561
 0.020796311025702931
 -0.021266284088592796
 -0.044580940069168386
 -0.11741081895183102
 -0.016814739244201397
 -0.017513021020487185
 0.064333020612772712
 -0.034633859221117821
 0.039277957194384178
 0.14669129030823963
 -0.0071076507535825029
 0.036603498505267305
 0.015823165425141106
 -0.1363824196040665
 0.048421633445784033
 0.055504312611470388
 -0.14071747533555753
 0.024041760877877141
 -0.15381495572552242
 -0.059823845886402278
 0.094565608497794315
 0.061827893734647761
 -0.095139178561231941
 0.08030500159988925
 0.076656172959167587
 -0.089621381159853769
 -0.085387408096680356
 -0.018928159236404465
 0.065754087141322456
 0.094477892860540244
 0.19292178044759006
 -0.03720842265431519
 0.10225751348331981
 0.08832708933890937
 -0.081317820743197725
 -0.15649590136054287
 -0.010618645300117063
 -0.0664163540196369
 0.057438958580905954
 0.084334220106164301
 0.017493746587784187
 -0.0067786763182652197
 0.11890796874401866
 -0.11963336236724012
 -0.044069006371293254
 0.15689166724683681
 0.01996699730613042
 0.040154906939108594
 0.04253640502295887
 -0.043282965078742151
 -0.11224039204514688
 0.093289060695277051
 0.05094599969506694
 -0.19410570474244984
 0.20177277124072332
 -0.028268586261849606
 0.005037894809871277
 -0.1169367248417487
 0.10336698224863186
 0.0097085567901486411
 -0.19725260573489145
 0.15360767953921914
 -0.11681448528100905
 0.034439034907750778
 0.016687449584840353
 0.069597728004513651
 0.089063608740260994
 0.16714537622974682
 0.13997293754018122
 0.0027590086521260002
 0.013108423902276879
 -0.041736351874250906
 -0.031397523908322164
 -0.003834428205752056
 -0.10612877849135922
 -0.01446067585474029
 0.0071663644207379607
 -0.11229679596063689
 0.057365839050032855
 -0.07581830137573059
 -0.07608218365008311
 0.13847419178407472
 -0.046572233062988008
 0.17370140920054314


