# Created by Octave 5.2.0, Fri Dec 17 17:34:12 2021 EET <alexandru@alexandru>
# name: x
# type: matrix
# rows: 241
# columns: 1
 0.053950453712961026
 0.0015296876821242933
 -0.10098758536820585
 -0.017885385647199024
 0.04801699522931295
 -0.0017511032254581035
 -0.031512986269702677
 0.10067638477675188
 -0.01280762197355007
 0.049623304571832415
 -0.14063702246474064
 -0.05442850808033653
 0.029971458649640712
 0.015605710188592831
 -0.023553009091043839
 0.080791507887957539
 0.20038131173536011
 0.027991346655086551
 -0.1206308938724148
 0.1270804358997715
 0.028042847400179375
 -0.10702496929508064
 -0.12542372916069314
 -0.042349725966744849
 0.11427938001101941
 -0.081022675635792824
 0.073256140271429321
 0.20054238916031877
 -0.0077820890808466912
 0.039780519999782417
 -0.11027206347367186
 0.046239486497508649
 0.020662465757180247
 0.10296857338594953
 -0.03232674119628693
 -0.0024133672038479654
 -0.030676610062325933
 0.04175008260885011
 0.17893869486049882
 -0.0060412713220488485
 -0.1509324889659632
 -0.015082439602196355
 -0.12227527484732821
 -0.037786977828316692
 0.15524533158055956
 -0.011175001881558568
 -0.13883733725896849
 -0.0076479426476113496
 0.071550383729315659
 -0.10489894966190234
 0.0019210929808140844
 0.0065998801410604565
 0.14631758585498472
 -0.17982325766147159
 0.13178995216856809
 0.18932331710522179
 0.034872546306684904
 -0.034779871814359056
 -0.085065440806397163
 0.080372297729286141
 -0.075182045215609394
 -0.16893777576344049
 -0.059934569146984681
 0.075727262969035258
 0.011008839115649453
 -0.028344794613155939
 0.01867981965960935
 0.052217982142318015
 -0.0063466706651401387
 0.12062846604702837
 -0.019423039129755418
 -0.00082811459884475299
 0.0095287562646491127
 0.18474332955306927
 0.069658085815207549
 -0.12764866752508489
 0.095972044131338516
 -0.071515070531695396
 -0.012340788924488923
 0.02081289339549533
 -0.03816818002303099
 0.073108770148071087
 0.039705255607710939
 -0.028279018306231814
 -0.043342941776896321
 0.00012711448363803679
 -0.057617426807331326
 -0.0025484118487567801
 -0.15647509598628731
 0.160276252899027
 -0.17724801185407218
 0.023165677786658685
 -0.16290153666131807
 -0.080614230274335688
 -0.099581747712796084
 -0.060644915282745966
 -0.046632802943756609
 0.0024075068007876131
 -0.094274385356236987
 -0.018323620453746477
 0.036310444880117469
 0.046325475887646191
 -0.12442730887454637
 0.036354622714826652
 0.047072607406517329
 -0.090370931227712073
 -0.11887068385929704
 -0.091960813119524157
 0.15160191459201885
 0.15515738058930179
 -0.039109159491089694
 0.031519641596775096
 0.1564651748478729
 0.15854158766562479
 -0.025940129687073477
 0.042322491938938764
 0.051589379780940303
 -0.29460229399159332
 0.17936701182802209
 0.019000348582775467
 -0.101886166029992
 -0.033428857013752367
 0.14842044371334423
 0.1351113279891166
 0.026618804883381312
 -0.13501587204619608
 -0.065441308003027915
 -0.040991731437685641
 0.02621134961386724
 0.060185273046416174
 -0.1187998059370239
 0.055284848833068514
 -0.11444291843011362
 -0.083313711649390179
 -0.073085084255426938
 0.019632889088932841
 0.024147198279866434
 0.052732111185511445
 0.01198607304216222
 0.074717218336049732
 -0.018606791568650485
 -0.015508539572029943
 -0.15451646329740595
 0.042379281545570212
 0.11217926376560856
 0.057264920118661335
 -0.13318096355874176
 0.031468682624214241
 0.032571638756424659
 -0.02059750303358893
 -0.12107282228884705
 -0.044737089974277507
 -0.055626121013787139
 -0.043572500925564146
 -0.023743908872702724
 0.077405215068684197
 -0.094713703997299281
 0.095819923487628272
 -0.12948840963642042
 -0.07949557975567656
 -0.043506809984290552
 -0.037714260195096522
 0.067521139005196074
 0.061593729352277964
 0.072640261168106138
 0.1845160985449435
 -0.0017200560937446956
 0.077932797498687187
 -0.085055412033705036
 0.084720547046634259
 0.0013604924797572474
 -0.090346175479408652
 -0.029259988571635705
 -0.061813322525306025
 0.059208052363773279
 0.032433875082467055
 -0.045682100560628956
 0.035834412637235684
 0.1245735902969157
 0.065568085849904242
 -0.11412047112244358
 -0.01403419846327025
 -0.054120370731490508
 -0.10317489779195674
 0.10914477905220638
 -0.0062646782670511877
 -0.011400342590778966
 0.1700232182798079
 0.029384457795466709
 -0.063256355702685799
 0.051241792872651855
 0.073020263670293808
 0.11864871292277732
 0.13750973611094958
 -0.228202105652455
 0.0032638332514931846
 -0.034228651167908845
 -0.069530447535241222
 -0.054950514502333903
 0.043764393812582042
 0.020423160790165148
 0.1282981092256161
 -0.026633707031731388
 -0.1055829405177988
 -0.052425934842691112
 -0.080006631343393753
 -0.092633523001133103
 0.046976334018106698
 0.053360591045255631
 0.079431455873885004
 0.039271318831148996
 -0.15891005550515622
 0.0073059496774550356
 0.075960602203674649
 0.044708600079163552
 -0.033454883675006569
 -0.028011685193956269
 -0.11077531721729936
 0.16596605774809836
 0.25201306264605333
 0.078354863888639659
 -0.010972258526198439
 -0.030216362426478689
 0.021107644572713524
 0.071938278256348673
 -0.024529974971988198
 -0.015270867230167741
 0.11742708627883215
 0.048414275068874683
 -0.2283988962294935
 0.016634439378407306
 -0.058620011919478222
 -0.022515030649083643
 0.045121512447790675
 0.052764496000480852
 0.044791720593203792
 -0.13535426810086584
 -0.21863149902466258
 -0.070864416851967579
 0.032472965627055102
 0.14716288901425933


