# Created by Octave 5.2.0, Fri Dec 17 17:34:13 2021 EET <alexandru@alexandru>
# name: x
# type: matrix
# rows: 210
# columns: 1
 -0.097092248817320717
 -0.038003407946340592
 0.13467785700087956
 -0.0036045589093996479
 -0.032928267182432358
 0.10715846241002103
 0.17491554484260721
 -0.14293095861301675
 -0.085104124826219388
 -0.11500381302683015
 -0.014764640717372579
 -0.040982558710390291
 -0.025549269096041372
 0.0013414763894666188
 -0.067497286513559157
 -0.0080635003688160605
 0.0017143459024205037
 0.035185850253991964
 0.033916818384356867
 0.19586444902432001
 0.0057585138733548032
 0.10523933060833003
 0.096788648770919777
 0.037153678703669306
 0.07214334232397919
 0.13100324242069467
 -0.1233907390680746
 0.012313228759665311
 -0.052238333812716163
 -0.035263476799935384
 -0.07501622675249961
 0.016717135279719974
 -0.23021613786916639
 0.20516941606842171
 0.098093701190797564
 0.02168684921366457
 -0.036307388375577877
 0.12050100157454489
 0.1911891073923091
 0.21531211533152347
 -0.083229044037520961
 -0.013582475423958282
 0.14594128945179999
 0.14696029972420752
 -0.074301075639999978
 -0.10010515967647508
 0.014596672690289945
 -0.069765494957887947
 0.098849097338557623
 -0.060487922952791012
 0.096182101942338921
 -0.038177443457339533
 0.069334801247734543
 0.018782160183838575
 -0.24736203537461304
 0.16079126108804287
 0.001848353719640069
 0.18103830096477211
 0.15351014580159991
 0.020602554084697678
 0.072137836943649197
 0.14842664572672398
 -0.092143287564278392
 -0.049726199375668301
 -0.063762012466333645
 -0.11437825727475631
 0.028135082213891834
 -0.070088889883956784
 -0.089325842809191272
 -0.076496718539134423
 -0.039210066939332912
 -0.049194135358647591
 -0.015217747830201122
 -0.025455006890241955
 -0.039472593429254417
 -0.11231189759334499
 -0.18713796388342591
 -0.054396709676715761
 0.19093398375287382
 0.08954670000418645
 0.054207049878936167
 0.045499327781910147
 0.013905902998681567
 -0.089407576871528158
 -0.054885739845744602
 -0.11536382819536771
 -0.04832534279414849
 -0.044485016100947641
 -0.057814732335527488
 0.13506335034149383
 -0.12731828308636722
 -0.049106975989736991
 0.057711834661236971
 0.10927807013323251
 -0.062982619044456262
 -0.15167218811687105
 -0.067553687044863767
 -0.13425737304967411
 0.15781547553145411
 -0.059626285717574071
 -0.17432674974954729
 -0.1126994451438284
 0.11335400445012815
 -0.10111783007360146
 -0.15221597989623203
 0.2691960017934007
 -0.13003205022990105
 0.050827759837724293
 0.12997486930817692
 -0.15445582194564811
 0.037670453306562046
 0.0033701255481879185
 0.10399312342802852
 -0.19433938563022229
 -0.21428233828329726
 -0.069072837806374604
 0.075965613061902845
 -0.23858105325707718
 0.021103568084454665
 0.021048196339520139
 0.061583231446292901
 0.16056099566662935
 0.33867185806614836
 -0.026198613422398848
 -0.015468403323059538
 -0.14565543699336531
 0.012270750337026638
 -0.032363065468097356
 -0.049173367126812917
 0.010880408536991713
 -0.10925571700169449
 0.25313010068326425
 0.16339825815812836
 0.095021590457691762
 -0.049624403988166491
 -0.095280756868794239
 -0.074827482725825151
 -0.082556523034290022
 0.13300846849210812
 0.01467140379010338
 -0.14617242132185243
 -0.054675548138213202
 0.13198221258518908
 -0.18020378616811294
 0.016822320804997869
 0.20650765264840049
 -0.077238141027950555
 0.044218556985689522
 -0.015283792735249404
 0.073627458377200514
 0.13297080151030011
 0.057233572250265929
 -0.040512775952482621
 -0.10540341621101997
 0.12500980104770518
 -0.10490833149111961
 -0.0037844353699971762
 -0.020535097744074433
 0.33988812816014236
 -0.051549433470644078
 -0.21316848712599545
 0.037119393929769769
 0.030826435759539271
 0.010067912046173338
 -0.013743802171538914
 -0.022354872258138654
 -0.1014466235279822
 -0.14389407310950153
 -0.1870761161428271
 0.15483491106271127
 -0.1292078052808317
 0.024929495752792272
 -0.16258889687442263
 -0.1729613963224107
 0.1630062357241541
 -0.14177198431953439
 -0.12660276393483705
 -0.0075877766375960021
 0.12992408728245763
 -0.062600160104868796
 -0.12594455203974983
 0.10928076981228933
 -0.11926271633568675
 0.00013376284478135801
 0.051796899658379442
 0.057855690277663151
 0.11667165808975018
 0.0080879934615338146
 0.046911134529986603
 -0.20487097468210849
 0.096629708349517118
 0.1470600583559406
 0.058064925239221514
 -0.14424930224967317
 0.19307326391975363
 0.021930703319498143
 0.033202225133422782
 0.16917679872579419
 0.13753899525364649
 0.020675774688686595
 -0.14209632417086304
 0.1527233947065012
 0.16439158751492225
 -0.020791743309571231
 0.070900262559319166
 -0.25117821702323401
 0.24235042369451198
 -0.2068511794730564
 0.04188909452389375
 -0.042292212547524952


