# Created by Octave 5.2.0, Fri Dec 17 17:34:11 2021 EET <alexandru@alexandru>
# name: x
# type: matrix
# rows: 34
# columns: 1
 -9.1809724634233714
 1.2555933980743565
 0.10486498463494832
 11.621796376667076
 -1.9066786106133649
 -11.220668714088871
 -3.6711050160843142
 -5.3428246776463046
 0.17885871841840839
 4.4764969043218565
 7.0363223919929307
 -0.34293111476297394
 6.6606689747473009
 -1.060875852196453
 5.5688846729969388
 2.2123946343912992
 -8.6583503045494137
 8.4339471239467088
 -4.569104888237641
 0.11023715435222242
 -3.0271255523062601
 -7.4263800035404461
 6.9104162787426153
 -3.5052661701774137
 -2.6357803681814729
 -7.853210891524756
 6.2754266588167917
 -9.0365970693713447
 -2.8585838072914989
 -12.930453403906489
 7.6649625708154829
 8.2292395130038791
 5.4103612433734423
 9.3028659947124499


