# Created by Octave 5.2.0, Fri Dec 17 17:34:13 2021 EET <alexandru@alexandru>
# name: x
# type: matrix
# rows: 209
# columns: 1
 -0.072127399919906188
 -0.041000802403485297
 -0.037199365774982646
 -0.12318106035824435
 0.012772494335266114
 0.061269392005050306
 0.10375341445027962
 0.09826895941018178
 -0.093079317904826597
 0.089786154687580444
 0.081900284780410643
 0.044792042544979767
 -0.0043785850261092501
 0.08237940387358178
 0.078137767022163879
 -0.14884731612890473
 0.081310000843854036
 0.060577051142460099
 0.081530274062917685
 0.2330870795532563
 0.052620207022104126
 -0.24025262727315128
 0.17743546705945173
 0.058740909201985554
 0.087270266822894793
 -0.070890472070043398
 -0.15255709707461892
 -0.01072871694360949
 0.034358901879175993
 0.17780606274378727
 -0.094195804814851125
 0.088408291226145422
 0.020184858221025569
 0.08505201851763626
 -0.047872232509283789
 -0.074206688557931555
 -0.088288663726981534
 -0.092560312364282318
 0.046237435834690123
 -0.099898544688572954
 -0.047037988568903052
 -0.019031082995480113
 0.049823932167077624
 0.12593412467279716
 0.051856122500868046
 -0.044671125178441344
 -0.029919485999437903
 0.027187032419407405
 -0.089913122524518205
 -0.010279571195193748
 0.087856147614122734
 0.1214449108071578
 -0.056081553221925318
 -0.087205065268623122
 0.070272891151975631
 -0.086676924239076414
 0.13911010556946032
 0.04352191256778537
 0.081339576287199122
 0.13873397556435479
 0.071446080668599074
 0.0064673150259907455
 0.074064997405804342
 0.027118835543701387
 -0.23142709882804674
 -0.21633997188464166
 -0.12356507870329968
 -0.13569812451131313
 -0.11765056219298703
 0.12894297456392015
 -0.027919505213684914
 0.035558801520046895
 0.056620113671412016
 -0.036266870080593275
 -0.087288186335713266
 0.080088871486467914
 0.015898682571888544
 0.24322585179515122
 -0.12318752750983381
 0.046295919983330235
 0.088358325245205094
 0.082444273866817061
 -0.091643982173785943
 0.06695199264166915
 -0.0031598885767768429
 0.14821635177826817
 -0.2257693230794019
 -0.026165864415388877
 -0.081219051389698108
 -0.081145214792166381
 0.15925280883242487
 -0.078777698841860741
 -0.14574043851196147
 0.16922286375746592
 0.073688326442605021
 0.14267014224355373
 -0.25838370151597989
 -0.079563828407435241
 0.031991290706154897
 -0.269654680501417
 -0.028739048221369794
 -0.063662750592842113
 -0.1346415338853133
 -0.12381962700697839
 -0.13880109270183943
 -0.049700668131561827
 0.076870130378305188
 -0.088660446165701651
 0.041456113956933487
 -0.053949794163969535
 -0.084059581824006677
 0.06117684172244018
 0.10657974938167447
 -0.058385370537522498
 0.10421688740817019
 0.012348178750703216
 0.13256776872173651
 -0.0030375111283135066
 -0.040569446173782317
 -0.065971337205588149
 -0.081788707547453918
 0.057345667100561173
 0.040938954544443892
 -0.21834104727562365
 0.06693077723586234
 -0.051478847175007073
 0.064155638465843892
 -0.043831034133367926
 -0.03552519293066897
 0.080608494918494478
 0.040501942339657149
 0.072942256672742747
 -0.040108391805513809
 0.0036949795045794942
 0.010978649294365612
 0.14693355039642883
 0.10476868728928888
 -0.096926880019823899
 -0.0088464209944888877
 0.21479866585586058
 -0.01552651639806734
 0.028382653985089136
 0.016030361117018943
 0.14694430748455498
 -0.030574829354991312
 0.07818076962323238
 0.22839551407857872
 0.11236773473783888
 0.20585092765521532
 -0.02155182005027978
 0.021906276234866812
 -0.053104382463908223
 0.086730363066996344
 -0.026641561614223944
 -0.073379008149970726
 0.091586456903090571
 0.0083053173472448869
 0.040867652623737719
 -0.16299841911735197
 -0.007809934075557988
 0.17867450380826522
 0.061392242041986206
 0.055253416025738085
 -0.044808412437630826
 -0.087564807787936738
 0.13366998572317809
 -0.22528326830388012
 0.024424689098114776
 -0.047484602204690529
 0.016851053705563505
 0.096596264690765335
 -0.074674632199561414
 0.046380037109281749
 -0.039772877983978272
 -0.070958809959682567
 0.040805517933822345
 -0.15758245125424336
 -0.21472218123594033
 -0.032929374182602771
 0.073627590154956152
 -0.11494558535777506
 -0.087040292291598362
 0.086562909592860893
 -0.097949665293646931
 -0.068367149445219072
 -0.09399817363775273
 0.01638862171917236
 0.080737375336655426
 -0.099080452859656415
 -0.098095814546144119
 -0.043623591998269359
 -0.049466431209563497
 -0.022873758205232998
 0.13215889374339046
 -0.082805674611157967
 0.047206714474929239
 -0.067395285090633292
 0.026615548234685406
 -0.16205378143686192
 0.040096263920982138
 -0.026551844046980397
 0.095662169855525669
 -0.041416447912824811
 6.0044231505356528e-05
 -0.027861795331812125
 0.17725047191763266
 0.048343165729627706
 -0.11573310808779594
 0.062080612386748613


