# Created by Octave 5.2.0, Fri Dec 17 17:34:12 2021 EET <alexandru@alexandru>
# name: x
# type: matrix
# rows: 238
# columns: 1
 0.16922544548957702
 0.041510803167778942
 0.057892397079439467
 0.025578335041081861
 -0.028355909806662274
 0.076852500523534331
 0.022249947945263249
 0.1098623086413214
 -0.12049915699840653
 0.05853536197403663
 -0.066339857175221548
 -0.0046348931183590068
 -0.017557062167759457
 0.18839490517537849
 0.22772557413421041
 0.20510372437959951
 -0.13961822312348696
 -0.071623240301788502
 0.11377430179934007
 -0.017504447949576847
 0.033049622211721912
 0.10043795575489697
 0.10685809549673354
 -0.058385503479984412
 0.095139830646745929
 -0.012373643532710372
 -0.14746177823660925
 0.17964523220293849
 0.10785590448309772
 0.090492869742868381
 0.19386275979619555
 0.05241888648447933
 -0.095028347342940037
 -0.14401671045446895
 0.13142748294422185
 -0.14456212018561171
 -0.041857832551856308
 -0.014124444243954719
 0.03095454885558745
 -0.12181611872777273
 0.0012457370988741415
 0.17308771514311394
 -0.016073451831290383
 0.036659534383109711
 -0.059448114709364515
 -0.15426037653286831
 0.10007795227291719
 -0.1190108248092118
 0.13000165597890415
 -0.042252378275375604
 0.068335344036314125
 -0.066156736054230822
 -0.13233747237791652
 -0.034911056992934168
 -0.049435078620524452
 -0.019667960719189921
 0.0014961748052929053
 -0.020271359212083877
 -0.012945979186812484
 0.2010638518559611
 -0.21632478795095361
 -0.054415650298445022
 -0.2199198852853865
 -0.20168457899015202
 0.11140238602332123
 -0.099205134165410921
 0.052085111616035837
 0.13059774563667703
 -0.014151852079893194
 -0.021132966341727982
 0.13294316580732096
 -0.13111945427767774
 -0.13166986535240438
 0.087257203558421606
 -0.08528963398286539
 0.07160427277143834
 -0.044165952221931822
 0.12235826242947644
 -0.019905646596990241
 -0.021248943478643565
 -0.084747713508131581
 -0.11304371798733726
 -0.16907794290908734
 0.0026828456537891987
 0.051465892893130798
 -0.026279991947757448
 0.21797917287280019
 -0.19184648795419282
 0.016941031849431829
 0.033183879321395174
 -0.20610595185069222
 -0.15186934540100955
 0.10795126078351293
 -0.062093234476916497
 -0.080862038414997658
 -0.19137104215815576
 -0.02541003011045288
 -0.088847152344314104
 -0.026253250087372008
 0.020714842818188108
 0.0037994824194554767
 0.25134334671990399
 0.16810384928917591
 0.060028544433459584
 0.12778669679974494
 -0.17959163878883802
 -0.1891205662700807
 -0.14989039657358189
 -0.088062190081863528
 -0.14720286044056644
 0.16336365157811478
 0.1134296567699738
 -0.15831048895923175
 0.033984170477423602
 -0.077729955010780158
 0.0046818410166217187
 -0.0043974542737152738
 -0.026784916954276414
 -0.054183950837432049
 -0.050263117732348095
 0.00078194094415604172
 0.012915233067981775
 -0.057769508899176432
 -0.045731048016561512
 0.16096370646718244
 0.035550833247798896
 -0.068825583885355063
 -0.023668898913664808
 -0.082837156653559452
 -0.11784253901306778
 0.001560530405465466
 -0.059336375255955399
 -0.23361668439152011
 -0.063069989487669273
 -0.07499564527873416
 0.1201687659827072
 -0.16669285472755041
 -0.063365031716229134
 0.23611495984505596
 0.21594743420169457
 0.062935118251989941
 0.11853732326194091
 0.025438525713151899
 0.010954116907529444
 0.18201924508383288
 -0.091713182180002628
 0.12838344660387468
 0.040584789816196426
 -0.21118570459866645
 -0.2454033960012684
 0.24330864408818906
 -0.19968761605506213
 0.033392006888869646
 0.15652332330883501
 -0.028408230830662164
 -0.07206821296965607
 -0.088354795738146336
 0.090748075147716156
 0.10526805570339162
 -0.1868707795109614
 0.012905449926062972
 0.00062654322489243521
 -0.084548992356830679
 0.059496250177617976
 0.24400790828742755
 -0.19658433483249402
 0.10070479082383803
 0.21523410601286966
 0.094551520770504618
 0.2887233423646221
 0.1396320223503581
 0.12603526424010303
 -0.11002816380372892
 -0.02031026643669704
 -0.061164249219980413
 0.01628158212145242
 -0.081441609605594392
 0.073124176596825033
 0.073680145738801328
 0.00031733762021689721
 0.031056822790862311
 0.02348094286336553
 -0.25011844392361654
 0.007638290963976036
 0.14649299864126422
 0.25087803930876268
 0.11941294622506023
 0.10739937377672072
 0.0097940623489644156
 -0.20744453480864802
 0.098349473574353197
 -0.1563150810478251
 0.077488875875149535
 -0.0043353267669956064
 0.10441118157224698
 0.22658877413885331
 -0.014849596723890432
 0.18325733175769079
 0.058532579103839924
 -0.2206838062322159
 -0.03248704530078661
 -0.06298957799035293
 0.015945790206244998
 -0.078811511328125597
 -0.12681339721828527
 -0.15611840848142422
 0.18726174573985371
 -0.074868021451527017
 -0.034471999575904633
 -0.038031384447233606
 -0.0090260230970411384
 0.07033294070757215
 -0.015937013934221519
 -0.046500382491752403
 0.16581521868176308
 0.0091976954867270186
 0.001101430419334522
 -0.093097277466255068
 0.019661011871300704
 0.10197894090505535
 0.018316327245425028
 0.032254086337721498
 -0.029840412387972713
 -0.11428891562322792
 0.25379938073577041
 -0.15778278176290497
 0.098922855827428227
 -0.034045292669741815
 -0.091566878243153321
 -0.078533477181608094
 -0.064530872446965787
 -0.078223972820915699
 -0.22738594288179062
 -0.13785958068869542
 0.011434800091017674
 -0.062968794440888473
 0.050201308991997484
 0.041684739592356343


