# Created by Octave 5.2.0, Fri Dec 17 17:34:11 2021 EET <alexandru@alexandru>
# name: x
# type: matrix
# rows: 55
# columns: 1
 -0.50712022327624973
 -0.9126320686115037
 0.9762818858958946
 -1.0397971300037021
 0.56455996369905048
 0.043525229871668653
 -0.18942342359568853
 -0.41735818092632626
 -0.23493305673755982
 0.32373239321181485
 0.86151681364128196
 0.39505878575330561
 -0.4799889553671976
 -0.012121129842155671
 0.61848858685659136
 0.4943440662109686
 1.664304958513827
 -0.89528159289176079
 0.32680378278042554
 -1.121613002991261
 -0.77749889607018974
 0.764515238214594
 0.56120904693226503
 -0.53779822963955359
 -0.43965643417952333
 0.00094782767919253299
 0.63651618005252408
 -0.66308685151601021
 -0.073514445232879241
 0.70736315303681485
 -0.61063186626141019
 -0.27184743384839094
 0.8133285345858684
 -0.42027802192714764
 0.90186910581865809
 0.82928489944158768
 0.34546691469036273
 -0.72250621476472354
 0.13784650676367854
 -1.5199669612388431
 1.3085780236559543
 0.25379811372820499
 0.19672824749538301
 -0.089924984064205182
 0.17239399822504189
 -0.22434424083255541
 1.1796253212184462
 0.048442052411781157
 -0.12250223794546265
 0.43867137024852371
 0.029858541507629077
 0.034541213014486788
 -0.85517492928618422
 -0.84379989175766956
 0.049795008634766297


