# Created by Octave 5.2.0, Fri Dec 17 17:34:13 2021 EET <alexandru@alexandru>
# name: x
# type: matrix
# rows: 225
# columns: 1
 0.063808231518151307
 -0.1497306260787386
 0.03385175488458237
 0.066508480216087879
 0.054185889114472544
 0.10474134895356731
 -0.14354032738856365
 -0.038376855552534742
 0.19332557015658625
 0.072759876656291286
 -0.052349218400177373
 0.10879880574053775
 0.095489530231236089
 -0.0011584564714207247
 0.031985889731213503
 0.31602317143377806
 0.1211551456723908
 -0.0096096095469303533
 0.058981772915016439
 -0.17087901140003819
 0.081105214454778404
 0.11747067809901755
 0.020092380727995213
 -0.021411438305887098
 0.14535145328588037
 0.041590534363133536
 -0.1407301893601991
 -0.02535735886742178
 -0.096703763027592204
 -0.04328164014263005
 -0.030137799949506008
 0.0059327377732241787
 -0.081975324559311752
 0.022822167174377714
 0.064404177260506484
 0.088814670618571623
 -0.062033399518493869
 0.00034153915300885214
 -0.11207679592871778
 -0.074962185118398666
 0.10106448164231839
 0.058937219398486493
 -0.044453807845694783
 0.11100305626704871
 0.0034028390342779593
 0.15120143474051675
 -0.12096690398980406
 0.14130609949397047
 0.043976813126519826
 -0.01430251650780281
 -0.16776679219509941
 0.068279723744527551
 0.10781547012282612
 0.14619930427532979
 -0.040503494910006557
 -0.027062356200776828
 0.19050829275245088
 0.021373391802863694
 0.20469219098800254
 -0.0014072845476836974
 -0.011854462126693355
 0.22848003702096523
 -0.050152017526397641
 -0.23419211585686911
 -0.19905149630679211
 0.074002487921508694
 -0.050429533835746686
 0.034321625816664494
 0.074972013702979345
 0.057400725904877097
 0.03485894071569294
 -0.019604657686164532
 0.29692525508115586
 0.017467423994762532
 -0.065555718074776989
 -0.056127353376550781
 -0.11602187192606489
 0.013740665754330837
 -0.023666649746257332
 -0.15115272426913862
 -0.14162806752785009
 -0.11846600036960608
 -0.1775771369290477
 -0.1497354564968093
 -0.038281841206506136
 0.099507691972089474
 -0.062076560020811598
 0.0091922992052288939
 0.14148856137493335
 0.059143800160305883
 0.0029836537225025987
 0.085185908169423244
 -0.024443875593614391
 0.23357572558807085
 0.035239873953697161
 0.15761537796055894
 0.17234160156853584
 0.020005017626232698
 0.14224802785443053
 -0.15184779036462306
 0.11442958949966697
 0.0036899770164202498
 -0.10274762108805652
 0.022088332191565703
 -0.21901131284946129
 -0.056141798491407387
 0.028178100796622033
 -0.19850338915283494
 -0.17283567216608647
 -0.21214206707994288
 -0.055130504438359033
 -0.12381642912577517
 -0.066603803133016004
 0.023017882941671567
 -0.098278619451702659
 0.17997624656166547
 0.13620461205592316
 -0.13371977004641608
 -0.20210177823956194
 -0.19176177160914906
 -0.05764915756082542
 -0.010051008839699565
 -0.089415386113121706
 0.062530949919935325
 0.0056187499855874026
 -0.16858990060249376
 -0.059925175225540375
 0.096547301818542014
 -0.050188871425733847
 0.094453947773600902
 0.020062540725163988
 0.091881638897797546
 -0.029014269398940855
 0.062827327829703655
 -0.018192538622609833
 -0.16586775458497111
 -0.14141127294732794
 -0.046648264974794761
 0.075470315129165508
 0.080937864854404976
 0.012817250965281255
 0.0413295323998117
 0.12523425676999134
 0.094191542631316419
 0.080376432098470924
 0.16344751418953676
 -0.07798531785841166
 -0.026400852657833498
 0.10709861509654264
 -0.10286164867243643
 -0.02096461864417834
 0.051650515022940206
 -0.10290147449747136
 0.023834157900609384
 0.03715279217364259
 -0.072206579652764433
 0.22731491688002889
 -0.05243768788568625
 -0.069873894628297337
 -0.01017850171961374
 -0.070653156153072938
 -0.042081717642206258
 -0.0098726960805527609
 0.0043665710683144761
 0.058541004045252962
 -0.23029122125992177
 0.0031565615624145264
 -0.03111819443828532
 -0.014468912516175826
 0.039964184379356615
 -0.036605922732442668
 0.027220216695269819
 0.023170153294003463
 0.21077203478855061
 0.094173095566487217
 -0.048341342107781834
 -0.075425932022405814
 -0.17168762447979524
 0.048845335046448245
 -0.032399501988578654
 -0.15216231607841763
 -0.038937473712905596
 -0.10884147219346643
 0.080885905627599564
 -0.022807905538775226
 0.13746227604299557
 -0.070710110678679855
 0.12480108515769008
 -0.046798944986119875
 0.03516484525046594
 0.035727788164722406
 -0.077076934006009651
 0.026888042519823845
 -0.017516340745077814
 -0.10872717117393546
 -0.053987415886626228
 -0.07220678925506778
 0.09272272477037255
 0.0028288375658118894
 -0.09325314692071035
 -0.0037800197207103433
 -0.021178836491285706
 -0.030091862584039276
 -0.0024053063400798721
 0.053869708736381208
 0.031313928454705882
 0.051777985705248192
 -0.032566629370173829
 0.078547181303604968
 -0.017498433099682152
 0.15486893107328606
 0.054566621288244799
 0.10625552012646898
 0.037205712373465184
 0.21604745112856971
 -0.031281559247862488
 -0.011690754649724891
 -0.087083021378104794
 -0.11921037484580652
 -0.18333961678235822
 0.030947023526926892
 -0.019556405673764182
 -0.044818056324045556
 -0.10718762930543477
 -0.00013934088710808383


