# Created by Octave 5.2.0, Fri Dec 17 17:34:13 2021 EET <alexandru@alexandru>
# name: x
# type: matrix
# rows: 236
# columns: 1
 -0.0098087287104608456
 -0.12908398106124858
 -0.084461072426612771
 -0.14080989970683838
 0.022349892857498048
 -0.0097495450698517443
 -0.00040218837146507684
 0.043798977020414513
 -0.037740117913009484
 -0.1416627291483144
 -0.018638948523246848
 -0.056725580275749289
 0.019325174160508489
 0.09789969468901176
 -0.13100381307661108
 0.19545197599088007
 0.062760830944732157
 0.08602223475061517
 0.01658309521320981
 -0.13920419596738942
 -0.029169721739797254
 -0.027007393777366349
 -0.02380183478010716
 0.079542860269660773
 0.018870355471876182
 -0.064710162375980151
 0.0065573876158365671
 0.10480543247955226
 -0.066220324502375347
 -0.088966773481004333
 -0.059340459170602482
 0.0063773093839534917
 0.0088290337585094688
 -0.050441629041919921
 -0.04577046777944592
 0.031596668476921642
 -0.14789162378707268
 0.068924837881679066
 -0.019338317774344214
 -0.097640108752498039
 0.091142003012510367
 -0.06982419764757071
 -0.0079272195209268894
 -0.00017063506053838285
 0.10417689319714214
 -0.011992361892706145
 -0.1373915002880039
 0.10428551454672416
 -0.2003710490529009
 -0.026995928280974076
 -0.09545427589396395
 0.091742641511620371
 0.12141579383081187
 0.17348814660743975
 0.10230722401606585
 0.12220997046026487
 0.018183094717420009
 0.012586745108624876
 0.030519205955496228
 0.0092783268953738549
 0.1017883969973714
 -0.009155793836881497
 -0.17512686029349231
 -0.055386923516089946
 -0.080240895780794352
 -0.086813077169815081
 -0.011993815407795752
 -0.17110441492635584
 0.10199662251403656
 -0.012556223979948876
 0.14172971145305485
 -0.1094308536753012
 -0.020335479556489462
 0.081868414246781082
 -0.040893836414007304
 0.12152989390059574
 0.020939542169328269
 -0.14595737812804946
 -0.12177346615728572
 -0.11907118756391742
 -0.042482274406775579
 -0.023576319615929743
 -0.0015808178269782782
 0.040224832502894631
 -0.24989942596286696
 -0.14725862355078748
 0.13464251237684099
 -0.10039211773746133
 0.018315285860395478
 -0.012867999337838713
 0.12401743412646908
 -0.15982755936625737
 0.056753623462242352
 0.058998208670153957
 -0.12754876010101041
 0.066989939528530718
 0.10312854225658341
 0.023508374933868054
 0.021335998129361315
 0.099818712258094452
 0.098766358366269874
 -0.038194885138938324
 -0.032424779430632586
 0.084701953460416146
 0.063590865382976938
 -0.10348921215370542
 0.0075006597564532002
 0.052021543529444832
 -0.082671214219114872
 0.016401528985693786
 -0.048507133753856242
 -0.066466670204093706
 -0.10603677448697633
 0.099703502663008453
 -0.010032162985773972
 0.13392493184561749
 -0.011673589167538672
 0.1567519076535466
 0.1236068166388315
 -0.080935566310821841
 -0.0053564762354681864
 0.087695358155096534
 -0.037497574493762613
 -0.063225793298658475
 -0.11842635479328924
 -0.11103617933462984
 0.04327142955708304
 0.14875801240534745
 0.05182094929573109
 0.0092395871755057684
 -0.039118806393497289
 0.098310747033160492
 0.064766980621816822
 -0.030504006543236203
 0.046167545438908233
 -0.04305346344217581
 -0.039279874073959449
 0.056291109748791306
 -0.029502515660676073
 0.05781747028375419
 0.2199783708101144
 0.04557426602045505
 0.095868086964342417
 -0.025738951131089791
 -0.036411106438502677
 -0.01486358452938662
 -0.0849757994478922
 0.0043828812892380614
 -0.058588860824852415
 0.12365151780446257
 0.051738212598497223
 0.10925947233781887
 -0.00030472474860502636
 -0.018313835923854646
 -0.00014708502989011431
 -0.057725423840076312
 -0.013217674222776263
 -0.035429287324219814
 -0.074176334499361687
 -0.056838909895595653
 -0.12547687266440091
 0.032183613156548989
 0.0037604553535407308
 0.071303532052209462
 0.074840693472748826
 -0.14478113921871794
 0.048784496935911657
 -0.0063980397312329114
 0.051372446513703131
 0.20222487172947434
 -0.12385888091609781
 -0.0001774976238000248
 0.066199597200712612
 0.04461058015864458
 -0.013793330777544029
 -0.16454358204952779
 0.045394952782305951
 -0.026148471362864995
 9.4367913931423365e-05
 0.016760493620465139
 -0.10599877928164071
 -0.073199505643620752
 -0.025223659519346298
 0.1948154478988556
 -0.043021559377174591
 0.14610975996579426
 -0.13264142461648451
 -0.059185883424846625
 0.10830498173730035
 0.085424993890394513
 -0.17049238481586093
 -0.035780262846025639
 0.059769427302175673
 0.019568983584488664
 0.039854680881269006
 -0.045953773695003905
 -0.055442079432185709
 0.11861453729631639
 0.014214334846781496
 0.12804118281936577
 -0.11212461953267451
 0.085070111379501101
 -0.13143150442630128
 0.016553097308810275
 0.09818913947892105
 0.054832609421737732
 0.10366717676659261
 -0.20210733942315551
 0.098279131045839574
 -0.083606197839994262
 0.062619996633597186
 0.10863988727985029
 -0.047449241837663067
 0.11349804289669417
 0.00061830775054424667
 -0.11780240300869579
 -0.069991550706502079
 -0.016757384473539274
 0.070615959634125244
 0.16385890910523151
 -0.01202651210527597
 0.010713910650063623
 0.0089615495658316308
 0.063942408358552957
 0.045304574485350677
 0.076976824310833247
 0.02739614426173665
 0.044723242874640454
 -0.049349917705466248
 0.052642417823538554
 -0.0059130961724068263
 -0.056271077083917577
 0.21219506382104761
 -0.30465064136856063
 -0.035436970947546539
 0.01252963251057221


