# Created by Octave 5.2.0, Fri Dec 17 17:34:11 2021 EET <alexandru@alexandru>
# name: x
# type: matrix
# rows: 43
# columns: 1
 -0.18232923866688294
 0.89409873673571738
 -1.3913286672960006
 1.8267676428681223
 -0.49699875473679639
 -4.3835492682542716
 -2.2534329504610704
 2.3614453820311212
 -3.4142336052929236
 0.79552958876727298
 -0.28675436362468065
 -0.32913232570699802
 1.1908208790080732
 0.087322156150774669
 3.9263622502481446
 2.63108970917814
 1.7529014793364766
 7.7982264349082628
 -3.1163943071037217
 -2.5997416256120953
 1.4910299731177976
 3.417718776312213
 -3.1826447038547587
 5.6935635516566592
 -0.61041138007933204
 -0.66380984165226631
 -1.6458157340207527
 -2.8914080255657408
 0.049017044463457143
 -2.7711040543343786
 -3.3534121333731672
 -1.7627797370242819
 -3.6197570937430976
 2.0663528306803847
 0.78564284432538101
 -0.95521063330283951
 2.1868449031523576
 -1.2711038987399927
 2.8679832580310816
 -0.88618362563891995
 -3.0448075797793912
 2.161118113993115
 0.57294396542416637


