# Created by Octave 5.2.0, Fri Dec 17 17:34:12 2021 EET <alexandru@alexandru>
# name: x
# type: matrix
# rows: 149
# columns: 1
 -1.1013396468709604
 0.60720729930776218
 -0.90578154395602495
 -1.7097280067980656
 2.7960669447307023
 -2.2981033124378487
 -2.1652748506798081
 -1.7161688841393739
 -0.14513709701051342
 1.7979631883005875
 0.10514463440353529
 -1.2002974397531281
 -1.2115586662452806
 0.27141566447907689
 0.0075077561271738305
 -0.76489426322676968
 2.1014310382208055
 0.97658271634039995
 1.2067318947609964
 0.56652495385782764
 -0.44828770961978454
 1.7161193856329835
 -0.04580802347342755
 -1.306396131598822
 -2.0798682242528486
 1.2365345723204806
 -1.1733797241104233
 0.98014497718502491
 0.62362816843728874
 -0.95438765411962734
 -1.5849010737880025
 -0.88119374150777618
 -2.4249399575585047
 -2.2114272704936289
 2.76679552347403
 -0.89399461615337628
 -0.62378474033019637
 -1.853743606388115
 1.1673752802641324
 1.3822221124992315
 2.5409172920611458
 -2.4173516452330515
 3.0510695847198699
 -3.433033717192191
 1.7408408767570824
 -0.35734122073899693
 0.031884312438519802
 0.76646991338544868
 1.8260639450858549
 2.8911745313128767
 1.7491886228104827
 -3.8679446343381083
 -0.43664169566972477
 0.66324926053894095
 2.4614514807977526
 -0.909620588686051
 1.7750486533860201
 -0.56434373882198707
 -0.68954197237021031
 -2.2828035125007617
 -1.8447977579577814
 -0.7410458761803852
 -1.1783647258645153
 -1.1891386615072002
 1.5901646909749265
 -0.70680019589421361
 -0.60753078565591367
 1.2267250683360396
 0.52902092460760464
 -0.64301360420687736
 -0.36818028733159719
 -0.18871429668694106
 1.8257880072882826
 1.7052239713911341
 0.51776464153887269
 -0.094454567127300923
 1.8762664206051971
 2.5331106788162856
 -0.31313054171965238
 0.15842485328107506
 -1.179523544631127
 0.12409307667385973
 0.55868122087293715
 1.4286954553156406
 1.1845629130292734
 0.18939010172708284
 -0.093565997068125142
 0.29636516323896817
 -0.86414694050564145
 -0.35328961269337344
 0.31360586817397063
 1.1852662829518159
 1.3628117814910086
 1.7731596835127215
 0.51845883141121341
 -0.80306839963607324
 -0.6450102637753764
 0.051586448329437727
 -1.0293778247572249
 0.47362868189518142
 0.69549420622958202
 -0.068928147840465956
 1.7160637233231626
 -0.36783343306062155
 -0.027592472749854272
 0.05665303051775529
 1.2088593890530572
 -0.0076314029762917009
 -1.3098701054790378
 -1.7511892146111527
 0.63497211456263503
 -0.47614249078543963
 -1.587442166606033
 3.0607184407642776
 0.42296248286001364
 -2.1974958428530198
 -2.1298669122602267
 -1.8535610772248621
 1.8693551731171953
 -0.00042326278547006875
 -3.2906024874540303
 1.8535715944108058
 0.88712365387644077
 -0.020112657271018075
 -0.20385170200356073
 1.1242377508991461
 0.51521980064055162
 1.2265366056435116
 1.8785824128880602
 0.54101804216382554
 -0.19858184916847202
 0.030225451759552994
 -0.46381763818413652
 -1.7762597297986871
 -1.4741069366993327
 1.2599420954550684
 -2.1497982857830071
 -1.6226302598884583
 -0.99809380768727252
 2.0667450310060951
 -0.033489778946733897
 -0.76834737733553671
 0.45429160578954353
 -2.0126435724157861
 3.1362310676474823
 0.24634619990007384
 0.50520890787287287
 -0.25190756223886623
 -1.6523336171138503


