# Created by Octave 5.2.0, Fri Dec 17 17:34:11 2021 EET <alexandru@alexandru>
# name: x
# type: matrix
# rows: 66
# columns: 1
 -2.2768697973102503
 -1.4845562969618136
 -5.3892710000802868
 -0.41781631963464128
 1.1469553120372276
 -0.47314434576638875
 1.2945772951576509
 1.5740040803233677
 -0.84569396703618749
 -2.0602594947342259
 -2.0184461638959039
 -1.5132433869174335
 3.6015635631968306
 0.57569230411201644
 0.72944346764644286
 -3.1678397218478258
 -2.309255606100026
 0.30515604911425709
 -3.4135250298238078
 1.6099705045839436
 -0.97137754823944766
 2.3209977957181964
 1.2456677376818213
 0.94768831102829487
 5.7234767372628124
 2.4967606311614055
 1.434641269034562
 0.8747132639879116
 -0.86022957407177147
 -0.27124553975072457
 -2.0388986115080008
 0.45315529613041938
 2.0847006269382207
 -2.4416576116518698
 0.44297609511231645
 -1.2052799015354454
 2.7295273726741804
 -0.37486742156585207
 1.1539708581622756
 -2.2698532722699722
 0.68122857379658897
 -0.092111688696096983
 1.1836293599554732
 0.43997850743197814
 2.6970993086509023
 0.57633825585391607
 1.6940171767604542
 -3.7513589866648669
 1.8213177659117039
 -2.385790164314701
 -2.0367233471927619
 -0.31293272516374943
 5.1510755960913253
 -0.9386648548545411
 0.61146410375043037
 1.4492304020494136
 2.54607697970998
 -2.1339718129829066
 2.7826471377940387
 1.6986432248369565
 -0.26212001569618465
 -0.18137505967069639
 -2.3365005436622801
 -0.91279193994273278
 -3.6371652994521342
 -0.53959509047854948


